filename	gt_iou	seg_iou	seg_f1	seg_precision	seg_recall	gt_fg_ssim	gt_fg_psnr	ng_fg_ssim	ng_fg_psnr	ng_iou	ng_topo_q	topo_preservation	ng_psnr	ng_ssim	ng_bytes	graph_n_components	graph_n_cycles	graph_n_junctions	graph_n_endpoints	graph_mean_degree	graph_complexity	n_nodes	n_edges	total_edge_length	mean_width_px	mean_curvature	delta_gt_iou	delta_gt_fg_psnr	delta_gt_fg_ssim	delta_fg_ssim	delta_iou	total_time_ms	self_iou	ng_recon_iou	ng_n_components	ng_n_cycles	ng_euler_characteristic	ng_n_junctions	ng_n_endpoints	ng_mean_degree	ng_graph_complexity	ng_seg_beta_0	ng_seg_beta_1	graph_n_nodes	graph_n_edges	graph_n_sampled	graph_mean_edge_length	graph_mean_width	graph_total_edge_length	graph_mean_curvature	png_bytes	ng_vs_png	ng_vs_raw	image_shape	image_pixels	image_type	segmenter	n_points	n_structures	jpeg_quality	jpeg_bytes	jpeg_psnr	jpeg_ssim	jpeg_fg_psnr	jpeg_fg_ssim	jpeg_iou	jpeg_topo_q	jpeg_beta_0	jpeg_beta_1	jpeg_betti_preservation	webp_quality	webp_bytes	webp_psnr	webp_ssim	webp_fg_ssim	webp_fg_psnr	webp_topo_q	webp_iou	jp2_bytes	jp2_psnr	jp2_ssim	jp2_fg_ssim	jp2_fg_psnr	jp2_topo_q	jp2_iou	delta_fg_psnr	delta_topo_q	delta_psnr	delta_ssim	gt_available	pre_gt_iou	pre_ng_psnr	pre_ng_ssim	pre_ng_fg_psnr	gt_topology_q	recon_topology_q	jpeg_gt_iou	jpeg_gt_fg_psnr	jpeg_gt_fg_ssim	stem
1_1.png	0.807002	0.807880	0.893732	0.827028	0.972141	0.994259	30.234112	0.998903	35.083086	0.943582	0.721963	1.154413	32.607943	0.884633	4130	5	0	0	10	1.868421	0.000000	76	71	371.747258	7.845701	0.000000	-0.012580	-13.044820	-0.005589	-0.000903	-0.008561	7528.137684	0.943582	0.943582	5	0	5	0	10	1.868421	0.000000	5	0	76	71	66	5.235877	7.845701	371.747258	0.000000	11179	2.706780	19.667070	285x285	81225	sparse	Otsu	380	5	80	4106	51.063051	0.997388	43.081422	0.999806	0.952143	0.659271	6	0	0.900000	98	4066	55.231246	0.999072	0.999927	47.782642	0.662661	0.951989	745	33.412191	0.920871	0.989026	24.824536	0.559568	0.939047	-7.998336	0.062692	-18.455108	-0.112754	True	0.806974	32.632995	0.883848	35.215780	0.577895	0.667129	0.819582	43.278932	0.999848	1_1
1_10.png	0.807570	0.812465	0.896530	0.834500	0.968523	0.993839	32.678329	0.998333	37.104933	0.910826	0.727468	1.394175	36.076881	0.910349	3671	5	0	1	11	1.861111	0.000000	72	67	375.504617	8.128175	0.000000	-0.020757	-12.993941	-0.005911	-0.001361	-0.018823	2904.651165	0.910826	0.910826	5	0	5	1	11	1.861111	0.000000	5	0	72	67	60	5.604547	8.128175	375.504617	0.000000	10010	2.726777	22.126124	285x285	81225	sparse	Otsu	383	5	81	3626	52.746669	0.996841	45.378473	0.999694	0.929649	0.684417	6	0	0.900000	98	3220	55.459845	0.998777	0.999834	48.348970	0.683363	0.930020	3991	56.154923	0.998691	0.999850	48.948531	0.691695	0.931109	-8.273540	0.043051	-16.669789	-0.086492	True	0.808289	36.043444	0.909932	37.173257	0.588316	0.820216	0.828326	45.672271	0.999750	1_10
1_11.png	0.814676	0.796938	0.886995	0.815270	0.972559	0.994000	31.485959	0.998475	36.264895	0.897702	0.730719	1.432635	34.280742	0.902946	3971	5	0	1	11	1.864865	0.000000	74	69	377.676190	8.172649	0.000000	-0.017558	-13.667203	-0.005812	-0.001288	-0.017221	3049.902201	0.897702	0.897702	5	0	5	1	11	1.864865	0.000000	5	0	74	69	62	5.473568	8.172649	377.676190	0.000000	10779	2.714430	20.454545	285x285	81225	sparse	Otsu	417	5	82	3950	52.410982	0.997518	44.950430	0.999763	0.914923	0.683363	6	1	0.400000	98	3588	55.215915	0.998830	0.999866	48.094185	0.747413	0.916211	825	37.907105	0.959247	0.992745	29.578624	0.612706	0.919855	-8.685535	0.047356	-18.130240	-0.094572	True	0.814269	34.271610	0.901338	36.347295	0.594445	0.851623	0.832233	45.153162	0.999813	1_11
1_12.png	0.813212	0.793986	0.885164	0.811093	0.974124	0.994093	30.448903	0.998749	36.110476	0.901255	0.733931	1.384060	33.360144	0.896604	4020	5	0	1	11	1.873418	0.000000	79	74	381.090404	8.272736	0.000000	-0.014988	-13.841591	-0.005718	-0.001010	-0.012762	2809.193373	0.901255	0.901255	5	0	5	1	11	1.873418	0.000000	5	0	79	74	67	5.149870	8.272736	381.090404	0.000000	11444	2.846766	20.205224	285x285	81225	sparse	Otsu	385	5	80	4017	51.357667	0.997014	44.032783	0.999759	0.914017	0.625760	7	0	0.800000	98	3932	54.954234	0.998813	0.999891	48.092937	0.684417	0.912358	821	35.758827	0.954214	0.990445	27.073557	0.613811	0.919015	-7.922307	0.108171	-17.997522	-0.100410	True	0.813328	33.348202	0.894619	36.201569	0.605446	0.837974	0.828200	44.290493	0.999811	1_12
1_13.png	0.809378	0.778558	0.875493	0.794969	0.974169	0.994099	30.309117	0.998724	36.057420	0.895378	0.732865	1.334716	33.889030	0.904537	4045	5	0	1	11	1.863014	0.000000	73	68	378.433550	8.227917	0.000000	-0.017562	-13.930682	-0.005709	-0.001029	-0.011100	2990.124702	0.895378	0.895378	5	0	5	1	11	1.863014	0.000000	5	0	73	68	61	5.565199	8.227917	378.433550	0.000000	11301	2.793820	20.080346	285x285	81225	sparse	Otsu	407	5	80	3993	51.364754	0.997081	43.919677	0.999753	0.906478	0.630012	7	0	0.800000	98	3928	54.902822	0.998762	0.999885	47.943859	0.678042	0.906517	828	36.083890	0.952920	0.989999	27.532798	0.537501	0.914707	-7.862257	0.102852	-17.475724	-0.092544	True	0.809406	33.877490	0.903295	36.096769	0.592413	0.790703	0.826940	44.239799	0.999808	1_13
1_14.png	0.799138	0.779239	0.875924	0.796853	0.972416	0.994234	30.554868	0.998713	35.367839	0.886569	0.717478	1.279307	33.904433	0.903257	3964	5	0	1	11	1.863014	0.000000	73	68	364.433550	8.246766	0.000000	-0.012486	-12.852499	-0.005565	-0.001031	-0.012702	2524.030447	0.886569	0.886569	5	0	5	1	11	1.863014	0.000000	5	0	73	68	61	5.359317	8.246766	364.433550	0.000000	11561	2.916498	20.490666	285x285	81225	sparse	Otsu	363	5	78	3961	50.844706	0.997325	43.189815	0.999744	0.899271	0.737105	5	0	1.000000	97	3860	54.315789	0.998617	0.999887	47.243741	0.731794	0.896429	825	35.647633	0.954346	0.992018	26.960173	0.655846	0.912865	-7.821977	-0.019627	-16.940273	-0.094068	True	0.799198	33.901931	0.903135	35.425157	0.581048	0.743339	0.811625	43.407366	0.999799	1_14
1_15.png	0.794001	0.776941	0.874470	0.793197	0.974301	0.994146	29.543207	0.998753	35.361315	0.892002	0.716346	1.414069	33.230853	0.899127	4116	5	0	0	10	1.859155	0.000000	71	66	362.190909	8.158472	0.000000	-0.021347	-14.277053	-0.005688	-0.001024	-0.010181	2822.292328	0.892002	0.892002	5	0	5	0	10	1.859155	0.000000	5	0	71	66	61	5.487741	8.158472	362.190909	0.000000	11301	2.745627	19.733965	285x285	81225	sparse	Otsu	409	5	80	4055	51.278474	0.997191	43.628163	0.999777	0.902183	0.633170	7	0	0.800000	98	4030	54.982888	0.998832	0.999904	47.963467	0.631068	0.901191	747	34.162087	0.932269	0.988115	25.546354	0.623615	0.907166	-8.266848	0.083176	-18.047621	-0.098064	True	0.793914	33.237181	0.898536	35.531137	0.589344	0.833373	0.815348	43.820260	0.999834	1_15
1_16.png	0.797313	0.779288	0.875955	0.796705	0.972713	0.993918	30.206957	0.998768	35.548386	0.890280	0.727468	1.173642	33.507696	0.903474	4143	5	0	1	11	1.861111	0.000000	72	67	374.676190	8.056275	0.000000	-0.015723	-14.288144	-0.005926	-0.001033	-0.012623	2968.917370	0.890280	0.890280	5	0	5	1	11	1.861111	0.000000	5	0	72	67	60	5.592182	8.056275	374.676190	0.000000	11201	2.703596	19.605358	285x285	81225	sparse	Otsu	403	5	82	4128	51.886297	0.997340	44.305679	0.999801	0.902903	0.614913	7	0	0.800000	98	3934	54.981852	0.998828	0.999901	47.966577	0.610487	0.897696	742	34.559577	0.935527	0.988456	25.934696	0.619289	0.907988	-8.757293	0.112555	-18.378601	-0.093866	True	0.797166	33.534633	0.901332	35.737182	0.584179	0.685617	0.813036	44.495101	0.999844	1_16
1_17.png	0.797760	0.770801	0.870568	0.787991	0.972477	0.994089	30.268322	0.998757	35.955140	0.878628	0.725279	1.289521	34.332892	0.906300	3997	5	0	2	12	1.855072	0.000000	69	64	373.504617	8.284673	0.000000	-0.007249	-14.248002	-0.005754	-0.001034	0.001147	2875.813007	0.878628	0.878628	5	0	5	2	12	1.855072	0.000000	5	0	69	64	55	5.836010	8.284673	373.504617	0.000000	11038	2.761571	20.321491	285x285	81225	sparse	Otsu	391	5	81	3969	51.884393	0.997346	44.207770	0.999791	0.877481	0.734993	5	0	1.000000	98	3872	55.085623	0.998794	0.999891	48.071606	0.675888	0.878675	806	35.940475	0.959903	0.991604	27.201241	0.648894	0.885690	-8.252630	-0.009714	-17.551501	-0.091047	True	0.797880	34.326075	0.905380	36.030862	0.587286	0.757317	0.805008	44.516325	0.999843	1_17
1_18.png	0.773392	0.783504	0.878612	0.801598	0.971997	0.994046	30.572248	0.998779	36.024048	0.856775	0.725279	1.052406	34.462278	0.903468	3860	5	0	2	12	1.850746	0.000000	67	62	369.776695	8.179370	0.000000	-0.014135	-13.796528	-0.005778	-0.000989	-0.008340	2642.987728	0.856775	0.856775	5	0	5	2	12	1.850746	0.000000	5	0	67	62	53	5.964140	8.179370	369.776695	0.000000	10772	2.790674	21.042746	285x285	81225	sparse	Otsu	360	5	80	3825	51.788013	0.997102	44.144974	0.999768	0.865115	0.508902	9	0	0.600000	98	3806	55.284500	0.998900	0.999892	48.052663	0.494508	0.864314	797	36.090947	0.959879	0.990056	27.046745	0.589930	0.868041	-8.120926	0.216377	-17.325735	-0.093634	True	0.773357	34.466800	0.902615	36.103103	0.587286	0.618063	0.787527	44.368776	0.999824	1_18
1_19.png	0.779135	0.779772	0.876261	0.799007	0.970051	0.994059	31.148247	0.998777	35.881025	0.875036	0.708291	1.007109	34.775571	0.906189	4236	5	0	1	11	1.846154	0.000000	65	60	356.433550	8.077002	0.000000	-0.014138	-14.385337	-0.005823	-0.001066	-0.009579	3597.066641	0.875036	0.875036	5	0	5	1	11	1.846154	0.000000	5	0	65	60	53	5.940559	8.077002	356.433550	0.000000	10908	2.575071	19.174929	285x285	81225	sparse	Otsu	456	5	85	4230	53.094200	0.998277	45.306027	0.999843	0.884615	0.567209	8	0	0.700000	98	3858	55.241680	0.998874	0.999899	48.067870	0.559568	0.882704	748	35.676825	0.946547	0.991067	26.925967	0.664902	0.889781	-9.425002	0.141083	-18.318629	-0.092089	True	0.780341	34.778652	0.905343	35.923392	0.602476	0.606759	0.793272	45.533584	0.999882	1_19
1_2.png	0.806787	0.809428	0.894678	0.827683	0.973474	0.994081	30.445762	0.998766	35.673285	0.938660	0.724178	1.098248	33.572179	0.894679	4023	5	0	1	11	1.863014	0.000000	73	68	372.504617	8.033463	0.000000	-0.013837	-13.414732	-0.005744	-0.001008	-0.011010	2760.767221	0.938660	0.938660	5	0	5	1	11	1.863014	0.000000	5	0	73	68	61	5.478009	8.033463	372.504617	0.000000	10787	2.681332	20.190157	285x285	81225	sparse	Otsu	379	5	80	3968	51.415033	0.997044	43.647168	0.999774	0.949670	0.610487	7	0	0.800000	98	3822	55.345449	0.999074	0.999913	47.941038	0.616012	0.950396	822	35.334140	0.955434	0.989359	26.422485	0.610487	0.945039	-7.973883	0.113691	-17.842854	-0.102365	True	0.807141	33.566131	0.891839	35.873825	0.573652	0.630012	0.820623	43.860494	0.999825	1_2
1_20.png	0.790213	0.781129	0.877117	0.800088	0.970557	0.994297	31.202982	0.998668	35.921715	0.887587	0.715209	1.397801	34.661993	0.907380	4032	5	0	1	11	1.852941	0.000000	68	63	364.090404	8.043268	0.000000	-0.018900	-13.525774	-0.005541	-0.001121	-0.010932	2953.630447	0.887587	0.887587	5	0	5	1	11	1.852941	0.000000	5	0	68	63	56	5.779213	8.043268	364.090404	0.000000	10523	2.609871	20.145089	285x285	81225	sparse	Otsu	399	5	82	3930	52.219986	0.997428	44.445290	0.999788	0.898519	0.666017	6	0	0.900000	98	3630	55.320183	0.998907	0.999886	48.010465	0.667129	0.898094	828	37.691365	0.964840	0.993031	28.891914	0.666017	0.904078	-8.523575	0.049192	-17.557994	-0.090047	True	0.790666	34.640525	0.904819	35.955599	0.583138	0.815111	0.809113	44.728755	0.999838	1_20
1_21.png	0.783408	0.784439	0.879199	0.803338	0.970882	0.994093	30.684755	0.998639	35.727010	0.875625	0.720848	1.256194	34.479036	0.903247	3959	5	0	0	10	1.852941	0.000000	68	63	368.676190	7.922156	0.000000	-0.013505	-13.840146	-0.005744	-0.001148	-0.015644	2608.216047	0.875625	0.875625	5	0	5	0	10	1.852941	0.000000	5	0	68	63	58	5.852003	7.922156	368.676190	0.000000	10812	2.730993	20.516545	285x285	81225	sparse	Otsu	378	5	81	3926	51.923526	0.997270	44.316889	0.999787	0.891270	0.620375	7	0	0.800000	98	3732	55.203363	0.998915	0.999895	47.942688	0.672631	0.891430	823	36.508649	0.958165	0.992063	28.058375	0.475862	0.889286	-8.589879	0.100473	-17.444490	-0.094023	True	0.782908	34.466604	0.902522	35.810726	0.594445	0.746739	0.796913	44.524901	0.999837	1_21
1_22.png	0.801246	0.793609	0.884930	0.810460	0.974469	0.994146	29.803448	0.998796	35.459296	0.900740	0.721963	1.392873	32.907250	0.897254	4203	5	0	0	10	1.861111	0.000000	72	67	373.818326	8.061328	0.000000	-0.019180	-14.331318	-0.005701	-0.001004	-0.015229	2686.859369	0.900740	0.900740	5	0	5	0	10	1.861111	0.000000	5	0	72	67	62	5.579378	8.061328	373.818326	0.000000	11436	2.720914	19.325482	285x285	81225	sparse	Otsu	410	5	81	4136	51.432723	0.997125	43.897189	0.999801	0.915969	0.621458	7	0	0.800000	98	4038	55.042871	0.998878	0.999907	47.957305	0.624689	0.916513	731	34.344399	0.925039	0.988966	26.054579	0.707707	0.912322	-8.437893	0.100505	-18.525473	-0.099871	True	0.800174	32.910276	0.896753	35.591348	0.593430	0.826573	0.820426	44.134766	0.999847	1_22
1_23.png	0.808769	0.788581	0.881795	0.805893	0.973482	0.994208	30.300359	0.998790	35.719209	0.912256	0.731794	1.367248	33.702662	0.898516	4343	5	0	2	12	1.857143	0.000000	70	65	380.333044	8.014327	0.000000	-0.012171	-13.852257	-0.005632	-0.001006	-0.006741	3269.050121	0.912256	0.912256	5	0	5	2	12	1.857143	0.000000	5	0	70	65	56	5.851278	8.014327	380.333044	0.000000	11410	2.627216	18.702510	285x285	81225	sparse	Otsu	460	5	82	4219	51.613348	0.997604	43.935092	0.999796	0.918997	0.688597	6	0	0.900000	98	4042	55.121841	0.998953	0.999907	47.921420	0.752415	0.922888	741	34.415014	0.933669	0.988491	25.938543	0.633170	0.912521	-8.215883	0.043197	-17.910685	-0.099088	True	0.808473	33.716264	0.898442	35.846461	0.583138	0.797294	0.820940	44.152616	0.999840	1_23
1_24.png	0.812098	0.790483	0.882983	0.807665	0.973793	0.994223	30.343453	0.998859	35.454025	0.918572	0.744364	1.399086	33.309118	0.896457	4378	5	0	2	12	1.871795	0.000000	78	73	395.232539	7.856061	0.000000	-0.010745	-13.652330	-0.005620	-0.000938	-0.012079	3112.145185	0.918572	0.918572	5	0	5	2	12	1.871795	0.000000	5	0	78	73	64	5.414144	7.856061	395.232539	0.000000	11567	2.642074	18.552992	285x285	81225	sparse	Otsu	440	5	82	4283	51.350928	0.997318	43.704573	0.999797	0.930651	0.749426	5	0	1.000000	98	4156	55.030808	0.998953	0.999912	47.779601	0.748421	0.929356	743	34.072714	0.924204	0.989750	25.684960	0.754387	0.928852	-8.250549	-0.005062	-18.041810	-0.100861	True	0.812071	33.305800	0.895970	35.536855	0.584179	0.817316	0.822843	43.995783	0.999843	1_24
1_25.png	0.812326	0.796713	0.886856	0.813540	0.974697	0.994417	31.017905	0.998732	35.826242	0.915673	0.734993	1.364426	34.263694	0.905244	4406	5	0	1	11	1.863014	0.000000	73	68	385.818326	7.800910	0.000000	-0.016109	-14.187344	-0.005442	-0.001089	-0.016689	3331.927538	0.915673	0.915673	5	0	5	1	11	1.863014	0.000000	5	0	73	68	61	5.673799	7.800910	385.818326	0.000000	11309	2.566727	18.435089	285x285	81225	sparse	Otsu	471	5	85	4403	52.605368	0.998167	44.985969	0.999820	0.932362	0.687557	6	0	0.900000	98	3908	55.004699	0.998833	0.999892	47.812324	0.682306	0.934689	745	35.372299	0.932835	0.990092	27.063826	0.674806	0.928076	-9.159728	0.047436	-18.341674	-0.092923	True	0.811941	34.217227	0.903629	35.889370	0.587286	0.801308	0.828435	45.205249	0.999859	1_25
1_26.png	0.796970	0.787754	0.881278	0.805725	0.972466	0.994182	30.303288	0.998914	35.859955	0.907902	0.740241	1.054726	33.920441	0.903450	4483	5	0	2	12	1.857143	0.000000	70	65	391.232539	7.888317	0.000000	-0.014456	-14.414520	-0.005688	-0.000915	-0.007760	3639.890909	0.907902	0.907902	5	0	5	2	12	1.857143	0.000000	5	0	70	65	56	6.018962	7.888317	391.232539	0.000000	11370	2.536248	18.118447	285x285	81225	sparse	Otsu	497	5	84	4440	52.191837	0.997999	44.482795	0.999828	0.915663	0.749426	5	0	1.000000	98	3976	55.038147	0.998876	0.999909	47.912365	0.742311	0.914779	743	34.752262	0.937776	0.990598	26.530208	0.695779	0.919550	-8.622839	-0.009185	-18.271396	-0.094549	True	0.797149	33.913412	0.902456	35.889480	0.584179	0.616149	0.811426	44.717808	0.999870	1_26
1_27.png	0.804971	0.786042	0.880205	0.805315	0.970453	0.994365	30.863929	0.998846	35.611743	0.896673	0.714068	0.975773	34.297182	0.906635	4181	5	0	2	12	1.857143	0.000000	70	65	369.303607	7.903065	0.000000	-0.006338	-13.230982	-0.005478	-0.000951	-0.001436	3022.976875	0.896673	0.896673	5	0	5	2	12	1.857143	0.000000	5	0	70	65	56	5.681594	7.903065	369.303607	0.000000	11279	2.697680	19.427171	285x285	81225	sparse	Otsu	423	5	81	4140	51.575955	0.997189	43.838402	0.999797	0.898109	0.660404	6	0	0.900000	98	3952	55.094383	0.998906	0.999907	47.854144	0.658133	0.899692	747	35.329436	0.949688	0.991070	26.702578	0.566126	0.910523	-8.226658	0.053663	-17.278773	-0.090554	True	0.804146	34.290078	0.906627	35.694872	0.570443	0.556622	0.811309	44.094912	0.999843	1_27
1_28.png	0.805291	0.784514	0.879246	0.802262	0.972573	0.994113	29.777374	0.998850	36.120263	0.899075	0.725279	1.342497	33.870092	0.905719	4220	5	0	1	11	1.848485	0.000000	66	61	375.989899	7.900811	0.000000	-0.019497	-15.168039	-0.005741	-0.000959	-0.008501	3061.569691	0.899075	0.899075	5	0	5	1	11	1.848485	0.000000	5	0	66	61	54	6.163769	7.900811	375.989899	0.000000	11154	2.643128	19.247630	285x285	81225	sparse	Otsu	432	5	83	4212	52.395966	0.997923	44.696265	0.999810	0.907575	0.572585	8	0	0.700000	98	3860	55.056284	0.998823	0.999897	47.971084	0.570443	0.909211	741	35.471212	0.940226	0.990263	27.070778	0.680181	0.911220	-8.576002	0.152694	-18.525874	-0.092203	True	0.805383	33.875168	0.905247	36.207927	0.580000	0.778648	0.824788	44.945413	0.999854	1_28
1_29.png	0.796815	0.791180	0.883418	0.811929	0.968711	0.993882	30.869202	0.998722	36.142969	0.899926	0.734993	0.917501	34.942217	0.912498	4127	5	0	1	11	1.855072	0.000000	69	64	384.161472	7.731137	0.000000	-0.013284	-14.550629	-0.005970	-0.001092	-0.010580	3028.452873	0.899926	0.899926	5	0	5	1	11	1.855072	0.000000	5	0	69	64	57	6.002523	7.731137	384.161472	0.000000	10692	2.590744	19.681367	285x285	81225	sparse	Otsu	440	5	84	4089	52.938905	0.998141	45.192691	0.999814	0.910506	0.633170	7	0	0.800000	98	3702	55.232617	0.998871	0.999884	47.823672	0.675888	0.910030	747	36.152335	0.949337	0.990581	27.475549	0.676967	0.907965	-9.049722	0.101823	-17.996688	-0.085644	True	0.797610	34.954655	0.912597	36.303106	0.587286	0.538835	0.810099	45.419831	0.999852	1_29
1_3.png	0.798365	0.803582	0.891095	0.821376	0.973749	0.994467	31.333900	0.998721	35.867506	0.924748	0.727468	1.421918	33.636223	0.897187	3963	5	0	0	10	1.861111	0.000000	72	67	376.333044	7.833129	0.000000	-0.024633	-13.205212	-0.005368	-0.001064	-0.016021	2632.826090	0.924748	0.924748	5	0	5	0	10	1.861111	0.000000	5	0	72	67	62	5.616911	7.833129	376.333044	0.000000	10642	2.685339	20.495836	285x285	81225	sparse	Otsu	380	5	81	3946	51.903470	0.997199	44.227461	0.999785	0.940769	0.745384	5	0	1.000000	98	3768	55.452047	0.999039	0.999900	48.131445	0.744364	0.945205	818	35.822290	0.952525	0.990553	27.053253	0.676967	0.944975	-8.359955	-0.017916	-18.267246	-0.100011	True	0.798161	33.639840	0.897393	35.968510	0.576838	0.820216	0.822998	44.539112	0.999835	1_3
1_30.png	0.795486	0.783558	0.878646	0.808559	0.962037	0.993667	30.292667	0.998765	35.929987	0.912629	0.728556	1.370767	34.697365	0.910792	4007	5	0	1	11	1.864865	0.000000	74	69	376.918831	7.753344	0.000000	-0.017823	-14.535503	-0.006178	-0.001039	0.001046	2769.124508	0.912629	0.912629	5	0	5	1	11	1.864865	0.000000	5	0	74	69	62	5.462592	7.753344	376.918831	0.000000	10761	2.685550	20.270776	285x285	81225	sparse	Otsu	408	5	82	3963	52.224924	0.997617	44.617817	0.999804	0.911583	0.622538	7	0	0.800000	98	3782	55.198188	0.998850	0.999900	47.969016	0.618200	0.912146	814	36.660405	0.955087	0.992239	28.103367	0.666017	0.922153	-8.687829	0.106018	-17.527560	-0.086826	True	0.799079	34.735530	0.910081	36.156374	0.581048	0.796482	0.813308	44.828170	0.999845	1_30
1_31.png	0.755865	0.787754	0.881278	0.899378	0.863891	0.991602	26.750935	0.998697	33.953472	0.903759	0.593430	0.922840	33.465008	0.900401	4162	7	0	0	14	1.802817	0.000000	71	64	361.847763	6.177542	0.000000	-0.049729	-18.901579	-0.008263	-0.001185	0.084976	3248.306990	0.903759	0.903759	7	0	7	0	14	1.802817	0.000000	7	0	71	64	57	5.653871	6.177542	361.847763	0.000000	10843	2.605238	19.515858	285x285	81225	sparse	Meijering	457	7	84	4110	52.988201	0.997944	45.318915	0.999882	0.818783	0.634217	7	1	0.500000	98	3698	55.189759	0.998778	0.999930	47.971721	0.634217	0.821429	748	36.395065	0.955746	0.993001	26.932566	0.626827	0.806786	-11.365443	-0.040786	-19.523192	-0.097543	True	0.755989	33.470025	0.899587	34.028428	0.583138	0.538143	0.805595	45.652515	0.999865	1_31
1_32.png	0.759722	0.797038	0.887058	0.902439	0.872192	0.991122	26.355036	0.998642	33.959255	0.903132	0.580450	0.893503	33.022269	0.897286	4025	7	1	1	14	1.818182	0.142857	66	60	353.747258	6.219587	0.000000	-0.059304	-19.168291	-0.008729	-0.001227	0.085601	3169.122934	0.903132	0.903132	7	1	6	1	14	1.818182	0.142857	7	0	66	60	51	5.895788	6.219587	353.747258	0.000000	10833	2.691429	20.180124	285x285	81225	sparse	Meijering	413	7	83	4005	52.891922	0.998038	45.110584	0.999868	0.817531	0.609372	7	0	1.000000	98	3668	55.258757	0.998824	0.999925	48.016466	0.612706	0.816837	829	37.582361	0.961454	0.994216	28.348188	0.604882	0.796197	-11.151330	-0.028923	-19.869653	-0.100752	True	0.759801	33.033245	0.896169	34.000637	0.576838	0.515406	0.819026	45.523327	0.999851	1_32
1_33.png	0.762510	0.812208	0.896374	0.905204	0.887714	0.991418	27.551967	0.998308	34.028362	0.891028	0.604882	0.951137	33.482185	0.902485	3830	7	0	0	14	1.800000	0.000000	70	63	374.333044	6.230067	0.000000	-0.049227	-17.790634	-0.008406	-0.001534	0.062461	2669.476748	0.891028	0.891028	7	0	7	0	14	1.800000	0.000000	7	0	70	63	56	5.941794	6.230067	374.333044	0.000000	10493	2.739687	21.207572	285x285	81225	sparse	Meijering	372	7	82	3775	52.726596	0.997414	45.073136	0.999842	0.828567	0.635260	7	0	1.000000	98	3590	55.275902	0.998783	0.999911	48.053199	0.681245	0.828193	808	37.883337	0.955310	0.993877	29.038197	0.560668	0.811700	-11.044774	-0.030378	-19.244411	-0.094929	True	0.762634	33.475769	0.901952	34.084759	0.586253	0.557607	0.811737	45.342601	0.999824	1_33
1_34.png	0.758965	0.802922	0.890690	0.903250	0.878474	0.991149	26.703819	0.998526	33.769026	0.901095	0.587581	0.958342	33.261840	0.901689	3899	7	0	0	14	1.787879	0.000000	66	59	358.090404	6.156102	0.000000	-0.050634	-18.412742	-0.008684	-0.001331	0.083749	2821.037531	0.901095	0.901095	7	0	7	0	14	1.787879	0.000000	7	0	66	59	52	6.069329	6.156102	358.090404	0.000000	10741	2.754809	20.832265	285x285	81225	sparse	Meijering	383	7	82	3883	52.467214	0.997518	44.812875	0.999857	0.817346	0.682306	6	0	0.928571	98	3590	55.158094	0.998733	0.999925	47.952024	0.688597	0.815237	827	38.355760	0.960037	0.995676	29.568285	0.675888	0.809827	-11.043849	-0.094725	-19.205375	-0.095829	True	0.758671	33.273012	0.900328	33.868146	0.575779	0.551793	0.809599	45.116561	0.999833	1_34
1_35.png	0.760671	0.791688	0.883734	0.907775	0.860933	0.990287	27.354113	0.998525	33.873461	0.910218	0.622178	1.037710	33.624688	0.900296	3848	6	0	0	12	1.818182	0.000000	66	60	339.847763	6.419818	0.000000	-0.026668	-17.852265	-0.009537	-0.001317	0.074903	2737.764120	0.910218	0.910218	6	0	6	0	12	1.818182	0.000000	6	0	66	60	54	5.664129	6.419818	339.847763	0.000000	10459	2.718035	21.108368	285x285	81225	sparse	Meijering	404	6	82	3748	52.700639	0.997647	44.783272	0.999843	0.835316	0.667129	6	0	1.000000	98	3542	55.460423	0.998819	0.999921	48.200914	0.730719	0.835091	807	38.207416	0.961132	0.994446	29.246396	0.602618	0.820878	-10.909811	-0.044950	-19.075951	-0.097351	True	0.760126	33.618646	0.899218	33.951900	0.563951	0.585217	0.787339	45.206378	0.999824	1_35
1_36.png	0.767442	0.805905	0.892522	0.911748	0.874090	0.990615	26.948502	0.998401	34.018869	0.916849	0.585217	0.983014	33.491980	0.901910	3984	7	0	0	14	1.794118	0.000000	68	61	354.019336	6.314045	0.000000	-0.031454	-18.444710	-0.009221	-0.001450	0.087390	2776.193380	0.916849	0.916849	7	0	7	0	14	1.794118	0.000000	7	0	68	61	54	5.803596	6.314045	354.019336	0.000000	10496	2.634538	20.387801	285x285	81225	sparse	Meijering	418	7	83	3936	52.879937	0.998086	44.990987	0.999852	0.829460	0.625760	7	2	0.000000	98	3558	55.357855	0.998775	0.999921	48.234232	0.619289	0.829815	826	38.530574	0.957807	0.995503	29.705036	0.606010	0.820276	-10.972118	-0.040543	-19.387957	-0.096176	True	0.766936	33.485430	0.899539	34.107629	0.572585	0.562859	0.798896	45.393212	0.999836	1_36
1_37.png	0.745972	0.779769	0.876259	0.911333	0.843784	0.988956	25.697336	0.998702	34.294665	0.927506	0.632121	1.001840	33.055171	0.898342	4019	6	0	0	12	1.826087	0.000000	69	63	346.605122	6.204040	0.000000	-0.036658	-19.771248	-0.010896	-0.001168	0.094957	3365.024567	0.927506	0.927506	6	0	6	0	12	1.826087	0.000000	6	0	69	63	57	5.501669	6.204040	346.605122	0.000000	10650	2.649913	20.210251	285x285	81225	sparse	Meijering	447	6	84	3988	53.104440	0.998209	45.039238	0.999870	0.832549	0.660404	6	0	1.000000	98	3600	55.259033	0.998749	0.999927	47.996056	0.603752	0.830823	829	38.703230	0.959711	0.995873	29.966723	0.604882	0.810029	-10.744573	-0.028284	-20.049268	-0.099867	True	0.745314	33.055049	0.897189	34.330749	0.575779	0.576838	0.782629	45.468584	0.999852	1_37
1_38.png	0.711839	0.757658	0.862122	0.902075	0.825558	0.990645	26.522916	0.998739	33.801775	0.894990	0.574413	1.069852	33.205766	0.903821	4002	7	0	2	16	1.784615	0.000000	65	58	344.190909	6.002215	0.000000	-0.043720	-19.117631	-0.009214	-0.001151	0.074509	3227.774858	0.894990	0.894990	7	0	7	2	16	1.784615	0.000000	7	0	65	58	47	5.934326	6.002215	344.190909	0.000000	10561	2.638931	20.296102	285x285	81225	sparse	Meijering	436	7	84	3969	53.134457	0.997982	45.024014	0.999889	0.820482	0.527633	8	0	0.928571	98	3584	55.283668	0.998730	0.999937	47.998941	0.644181	0.819927	814	38.271095	0.960141	0.996145	29.195163	0.645365	0.792361	-11.222239	0.046779	-19.928691	-0.094162	True	0.711839	33.206966	0.902757	33.911088	0.558466	0.597476	0.755559	45.640546	0.999859	1_38
1_39.png	0.697726	0.733744	0.846427	0.894451	0.803297	0.990365	27.860646	0.998793	34.228896	0.903219	0.602807	0.909055	34.415633	0.907741	3533	6	0	0	12	1.800000	0.000000	60	54	323.190909	6.332991	0.000000	-0.018212	-17.080943	-0.009447	-0.001060	0.040563	2690.516472	0.903219	0.903219	6	0	6	0	12	1.800000	0.000000	6	0	60	54	48	5.985017	6.332991	323.190909	0.000000	10042	2.842344	22.990376	285x285	81225	sparse	Meijering	362	6	80	3524	52.386839	0.997007	44.333072	0.999853	0.862656	0.528308	7	0	0.916667	98	3288	55.487975	0.998696	0.999933	48.159890	0.528308	0.865152	3991	56.303653	0.998601	0.999939	48.751029	0.525605	0.864952	-10.104176	0.074499	-17.971206	-0.089266	True	0.698014	34.435650	0.907767	34.330367	0.555142	0.504655	0.715937	44.941589	0.999813	1_39
1_4.png	0.808989	0.804341	0.891562	0.825385	0.969277	0.993807	30.310765	0.998809	35.791137	0.930566	0.728556	1.237442	33.602826	0.896556	4458	5	0	0	10	1.859155	0.000000	71	66	376.090404	7.788033	0.000000	-0.007615	-14.968924	-0.006064	-0.001028	-0.010146	3593.796730	0.930566	0.930566	5	0	5	0	10	1.859155	0.000000	5	0	71	66	61	5.698339	7.788033	376.090404	0.000000	10718	2.404217	18.220054	285x285	81225	sparse	Otsu	508	5	85	4317	52.844968	0.998341	45.093320	0.999837	0.940712	0.658133	6	0	0.900000	99	4434	56.114067	0.999133	0.999920	48.877018	0.654697	0.940545	730	34.151694	0.929256	0.988694	25.554775	0.667129	0.935950	-9.302183	0.070423	-19.242142	-0.101785	True	0.808868	33.625855	0.895154	35.975109	0.589344	0.729279	0.816604	45.279689	0.999870	1_4
1_40.png	0.701443	0.733085	0.845989	0.892026	0.804470	0.990329	27.273470	0.998829	34.136421	0.906406	0.589344	0.992318	34.291123	0.908542	3714	6	0	1	13	1.800000	0.000000	60	54	309.462987	6.199738	0.000000	-0.030676	-17.677756	-0.009508	-0.001044	0.063508	3356.656551	0.906406	0.906406	6	0	6	1	13	1.800000	0.000000	6	0	60	54	46	5.730796	6.199738	309.462987	0.000000	10187	2.742865	21.869952	285x285	81225	sparse	Meijering	410	6	82	3676	52.737393	0.997732	44.350194	0.999874	0.842898	0.593430	6	0	1.000000	98	3368	55.506928	0.998760	0.999939	48.063931	0.593430	0.845448	3823	55.111690	0.997955	0.999930	47.566355	0.592073	0.843571	-10.213772	-0.004086	-18.446270	-0.089190	True	0.701424	34.282720	0.906517	34.218328	0.548419	0.544206	0.732119	44.951226	0.999837	1_40
1_41.png	0.700760	0.745484	0.854186	0.898150	0.814325	0.990564	27.769500	0.998637	33.780080	0.895445	0.569726	1.053867	34.230588	0.908803	3376	6	0	0	12	1.800000	0.000000	60	54	293.391919	6.426773	0.000000	-0.022959	-16.075239	-0.009221	-0.001190	0.037628	2350.605011	0.895445	0.895445	6	0	6	0	12	1.800000	0.000000	6	0	60	54	48	5.433184	6.426773	293.391919	0.000000	9949	2.946979	24.059538	285x285	81225	sparse	Meijering	320	6	77	3326	51.732641	0.997417	43.340729	0.999826	0.857817	0.474024	8	0	0.833333	98	3246	55.682852	0.998767	0.999935	48.076328	0.561034	0.861967	4274	56.940362	0.998699	0.999947	49.357880	0.561034	0.860745	-9.560650	0.095702	-17.502053	-0.088613	True	0.700353	34.200781	0.906439	33.854376	0.542739	0.571974	0.723719	43.844739	0.999786	1_41
1_42.png	0.709400	0.753349	0.859326	0.893833	0.827383	0.992481	28.098552	0.998841	34.493106	0.889853	0.536325	0.896318	34.507659	0.908767	3693	7	0	0	14	1.762712	0.000000	59	52	308.806133	6.305612	0.000000	-0.020731	-16.656935	-0.007358	-0.001022	0.043349	2855.476141	0.889853	0.889853	7	0	7	0	14	1.762712	0.000000	7	0	59	52	45	5.938579	6.305612	308.806133	0.000000	10135	2.744381	21.994314	285x285	81225	sparse	Meijering	390	7	81	3661	52.359855	0.997045	44.168555	0.999863	0.846504	0.462056	9	0	0.857143	98	3368	55.531250	0.998744	0.999939	48.211618	0.499676	0.845400	829	39.131666	0.962348	0.996396	30.069047	0.500926	0.836013	-9.675450	0.074269	-17.852196	-0.088277	True	0.709151	34.513077	0.908728	34.514029	0.541594	0.485441	0.730132	44.755486	0.999839	1_42
1_43.png	0.716873	0.751451	0.858090	0.894987	0.824115	0.990797	27.598308	0.998739	33.897277	0.901181	0.581048	0.887836	34.268095	0.903525	3431	6	0	0	12	1.800000	0.000000	60	54	303.877200	6.333645	0.000000	-0.021910	-16.600009	-0.009033	-0.001114	0.047899	2333.378077	0.901181	0.901181	6	0	6	0	12	1.800000	0.000000	6	0	60	54	48	5.627356	6.333645	303.877200	0.000000	10097	2.942874	23.673856	285x285	81225	sparse	Meijering	330	6	78	3431	51.943033	0.997564	43.664723	0.999853	0.853282	0.441344	9	0	0.750000	98	3340	55.461001	0.998733	0.999936	48.004108	0.484439	0.854658	4134	56.528801	0.998525	0.999947	48.922241	0.475337	0.854605	-9.767446	0.139704	-17.674938	-0.094039	True	0.717259	34.268942	0.902734	33.932389	0.541594	0.480846	0.738783	44.198317	0.999830	1_43
1_44.png	0.724228	0.779159	0.875873	0.903644	0.849758	0.991820	27.535158	0.998832	34.148778	0.894935	0.537648	0.995637	33.957909	0.907794	3756	7	0	0	14	1.781250	0.000000	64	57	316.433550	6.368523	0.000000	-0.018284	-17.265692	-0.008033	-0.001040	0.039020	2945.995092	0.894935	0.894935	7	0	7	0	14	1.781250	0.000000	7	0	64	57	50	5.551466	6.368523	316.433550	0.000000	10361	2.758520	21.625399	285x285	81225	sparse	Meijering	390	7	81	3713	52.413131	0.997431	44.338314	0.999873	0.855915	0.518779	7	1	0.500000	98	3540	55.341790	0.998777	0.999938	47.944405	0.521521	0.855701	3778	54.681253	0.997608	0.999928	47.292594	0.536325	0.858346	-10.189536	0.018869	-18.455222	-0.089637	True	0.723801	33.968391	0.906145	34.216073	0.551793	0.549385	0.742512	44.800850	0.999853	1_44
1_45.png	0.722079	0.765428	0.867130	0.896878	0.839293	0.990737	27.380752	0.998808	34.203373	0.903759	0.593430	0.897150	33.937443	0.905174	3912	6	0	0	12	1.800000	0.000000	60	54	314.119841	6.379520	0.000000	-0.024897	-18.076394	-0.009126	-0.001075	0.051716	3278.187990	0.903759	0.903759	6	0	6	0	12	1.800000	0.000000	6	0	60	54	48	5.817034	6.379520	314.119841	0.000000	10223	2.613241	20.763037	285x285	81225	sparse	Meijering	451	6	84	3897	53.232867	0.998082	45.007350	0.999883	0.852043	0.665795	5	0	0.916667	98	3394	55.440521	0.998797	0.999934	47.963663	0.558308	0.844574	819	38.651674	0.958194	0.996108	29.777116	0.435604	0.836298	-10.803977	-0.072364	-19.295424	-0.092908	True	0.722155	33.938690	0.903390	34.252570	0.569367	0.510808	0.746976	45.457146	0.999864	1_45
1_46.png	0.730075	0.784046	0.878952	0.902949	0.856198	0.991579	28.083127	0.998675	34.375727	0.900596	0.553231	0.909463	34.482692	0.906854	3943	7	0	0	14	1.784615	0.000000	65	58	328.847763	6.409569	0.000000	-0.011887	-17.345106	-0.008281	-0.001202	0.044386	3085.688114	0.900596	0.900596	7	0	7	0	14	1.784615	0.000000	7	0	65	58	51	5.669789	6.409569	328.847763	0.000000	10144	2.572660	20.599797	285x285	81225	sparse	Meijering	424	7	84	3918	53.225257	0.998102	45.000155	0.999877	0.856210	0.602807	6	0	0.928571	98	3418	55.467078	0.998844	0.999928	47.850949	0.592073	0.856755	821	38.461880	0.956460	0.995281	29.334322	0.510808	0.838220	-10.624428	-0.049576	-18.742565	-0.091248	True	0.729951	34.469157	0.905881	34.443673	0.556253	0.505891	0.741962	45.428233	0.999860	1_46
1_47.png	0.762563	0.809754	0.894878	0.912137	0.878259	0.991459	27.359265	0.998649	34.346300	0.908786	0.576838	0.870868	33.862203	0.904172	3773	7	0	1	15	1.791045	0.000000	67	60	347.433550	6.340377	0.000000	-0.027022	-17.492346	-0.008382	-0.001199	0.060083	2464.628458	0.908786	0.908786	7	0	7	1	15	1.791045	0.000000	7	0	67	60	51	5.790559	6.340377	347.433550	0.000000	10290	2.727273	21.527962	285x285	81225	sparse	Meijering	350	7	82	3766	52.624136	0.997759	44.571257	0.999848	0.848703	0.547288	8	0	0.928571	98	3418	55.391586	0.998801	0.999925	47.994217	0.511080	0.847012	807	38.287909	0.956838	0.994876	29.068900	0.585217	0.825146	-10.224957	0.029550	-18.761932	-0.093588	True	0.762226	33.853499	0.902436	34.396569	0.563951	0.491126	0.789585	44.851611	0.999842	1_47
1_48.png	0.754885	0.795332	0.886000	0.909924	0.863301	0.990765	27.056286	0.998736	34.068193	0.914154	0.615829	0.913634	33.608301	0.901472	3853	6	0	0	12	1.820896	0.000000	67	61	336.918831	6.405890	0.000000	-0.002771	-17.702408	-0.009089	-0.001133	0.046802	2835.989952	0.914154	0.914154	6	0	6	0	12	1.820896	0.000000	6	0	67	61	55	5.523260	6.405890	336.918831	0.000000	10347	2.685440	21.080976	285x285	81225	sparse	Meijering	392	6	82	3802	52.461558	0.997368	44.343936	0.999869	0.867352	0.483149	8	0	0.833333	98	3572	55.417845	0.998842	0.999932	47.966066	0.471388	0.866054	825	37.885530	0.958597	0.995010	28.432111	0.635781	0.840818	-10.275742	0.132680	-18.853257	-0.095896	True	0.754756	33.617234	0.900539	34.100288	0.561765	0.513248	0.757656	44.758694	0.999855	1_48
1_49.png	0.757165	0.790362	0.882908	0.899340	0.867065	0.991932	28.085441	0.998633	34.147596	0.917677	0.558308	1.013839	34.587429	0.908421	3937	7	0	0	14	1.787879	0.000000	66	59	332.019336	6.351670	0.000000	-0.001206	-17.650198	-0.007945	-0.001256	0.059603	3117.849350	0.917677	0.917677	7	0	7	0	14	1.787879	0.000000	7	0	66	59	52	5.627446	6.351670	332.019336	0.000000	9940	2.524765	20.631191	285x285	81225	sparse	Meijering	424	7	85	3888	53.512774	0.998288	45.379694	0.999889	0.858074	0.520495	8	0	0.928571	99	3900	56.304706	0.998995	0.999942	48.878172	0.499676	0.860668	824	38.915474	0.961579	0.996090	30.049790	0.457253	0.841769	-11.232098	0.037814	-18.925345	-0.089867	True	0.756990	34.580539	0.908787	34.198875	0.556253	0.563951	0.758371	45.735638	0.999876	1_49
1_5.png	0.800763	0.804376	0.891584	0.822975	0.972672	0.993849	30.195658	0.998618	35.381832	0.924801	0.730719	1.112648	33.150123	0.893222	4069	5	0	0	10	1.870130	0.000000	77	72	381.818326	7.765851	0.000000	-0.014206	-14.351025	-0.005991	-0.001176	-0.015029	2812.534571	0.924801	0.924801	5	0	5	0	10	1.870130	0.000000	5	0	77	72	67	5.303032	7.765851	381.818326	0.000000	10856	2.667977	19.961907	285x285	81225	sparse	Otsu	394	5	81	4037	51.844855	0.997309	44.313793	0.999794	0.939830	0.569367	8	0	0.700000	98	3826	55.275071	0.998960	0.999904	48.010325	0.610487	0.939114	740	34.786858	0.933782	0.989810	26.579134	0.669341	0.932807	-8.931960	0.161352	-18.694732	-0.104087	True	0.800205	33.154358	0.892703	35.427630	0.577895	0.642993	0.814969	44.546683	0.999840	1_5
1_50.png	0.739258	0.776007	0.873878	0.897327	0.851624	0.991261	27.677660	0.998744	34.011767	0.898626	0.536325	0.834726	33.704874	0.904940	3570	7	0	0	14	1.791045	0.000000	67	60	312.119841	6.450230	0.000000	-0.024105	-16.657714	-0.008563	-0.001105	0.036798	2437.305212	0.898626	0.898626	7	0	7	0	14	1.791045	0.000000	7	0	67	60	53	5.201997	6.450230	312.119841	0.000000	10161	2.846218	22.752101	285x285	81225	sparse	Meijering	332	7	79	3552	52.069889	0.997660	43.964796	0.999850	0.861829	0.529989	8	0	0.928571	98	3478	55.666451	0.998920	0.999936	48.098384	0.563327	0.860827	3960	55.333921	0.997914	0.999932	47.897104	0.559568	0.862911	-9.953029	0.006336	-18.365015	-0.092720	True	0.739085	33.698075	0.903264	34.052292	0.550671	0.459659	0.763363	44.335374	0.999824	1_50
1_51.png	0.750633	0.777131	0.874591	0.894229	0.855796	0.991206	27.480746	0.998793	34.407287	0.910512	0.611968	1.098114	34.036998	0.906262	3862	6	0	0	12	1.815385	0.000000	65	59	329.776695	6.478309	0.000000	-0.018194	-17.856279	-0.008653	-0.001087	0.050297	2841.006756	0.910512	0.910512	6	0	6	0	12	1.815385	0.000000	6	0	65	59	53	5.589436	6.478309	329.776695	0.000000	10238	2.650958	21.031849	285x285	81225	sparse	Meijering	409	6	83	3851	53.162299	0.998271	44.990728	0.999880	0.860215	0.632121	6	0	1.000000	98	3432	55.366900	0.998813	0.999929	47.842878	0.624689	0.856617	801	38.101952	0.964179	0.994392	28.630565	0.654697	0.840323	-10.583441	-0.020153	-19.125301	-0.092009	True	0.751140	34.051790	0.906225	34.443827	0.558466	0.613259	0.768827	45.337024	0.999859	1_51
1_52.png	0.717680	0.765954	0.867468	0.887783	0.848061	0.991714	27.192239	0.998707	33.604061	0.881662	0.508356	0.834340	32.941081	0.906014	3729	8	0	0	16	1.753846	0.000000	65	57	329.847763	6.163767	0.000000	-0.032034	-17.128565	-0.008111	-0.001154	0.042041	2488.193750	0.881662	0.881662	8	0	8	0	16	1.753846	0.000000	8	0	65	57	49	5.786803	6.163767	329.847763	0.000000	10490	2.813087	21.781979	285x285	81225	sparse	Meijering	336	8	80	3709	51.979457	0.997365	43.894061	0.999861	0.839621	0.484296	9	0	0.937500	98	3624	55.295341	0.998808	0.999937	47.858947	0.507125	0.840014	825	38.139565	0.966652	0.995822	29.131762	0.460859	0.823428	-10.290000	0.024060	-19.038376	-0.091351	True	0.717919	32.933604	0.902632	33.666716	0.569367	0.475046	0.749714	44.320804	0.999825	1_52
1_53.png	0.692095	0.737076	0.848640	0.891511	0.809703	0.991872	27.322335	0.998843	34.183320	0.885067	0.472708	0.709161	33.952856	0.911388	3753	8	0	0	16	1.737705	0.000000	61	53	294.391919	6.272389	0.000000	-0.024939	-17.690093	-0.007963	-0.001029	0.053992	3007.226944	0.885067	0.885067	8	0	8	0	16	1.737705	0.000000	8	0	61	53	45	5.554565	6.272389	294.391919	0.000000	10216	2.722089	21.642686	285x285	81225	sparse	Meijering	379	8	82	3750	52.686573	0.997629	44.458364	0.999873	0.831075	0.505891	8	1	0.500000	98	3516	55.535955	0.998854	0.999939	47.935641	0.384583	0.833271	3796	55.430460	0.998277	0.999934	47.850516	0.446288	0.833302	-10.275044	-0.033184	-18.733717	-0.086240	True	0.692374	33.949395	0.909175	34.224794	0.565039	0.400704	0.717034	45.012429	0.999835	1_53
1_54.png	0.659668	0.700152	0.823635	0.880841	0.773405	0.991335	26.254754	0.998781	33.707109	0.871522	0.467408	0.720478	33.292782	0.911819	3724	8	0	0	16	1.728814	0.000000	59	51	293.705627	6.293686	0.000000	-0.057447	-18.364135	-0.008492	-0.001096	0.053849	3043.798685	0.871522	0.871522	8	0	8	0	16	1.728814	0.000000	8	0	59	51	43	5.758934	6.293686	293.705627	0.000000	10501	2.819817	21.811224	285x285	81225	sparse	Meijering	377	8	81	3708	52.347979	0.997309	43.968953	0.999876	0.817673	0.431071	10	0	0.875000	98	3518	55.244155	0.998724	0.999943	47.833140	0.505891	0.820116	3834	54.794343	0.997638	0.999934	47.403736	0.424203	0.817589	-10.261844	0.036337	-19.055196	-0.085491	True	0.659448	33.276190	0.907856	33.792728	0.569367	0.410217	0.717115	44.618889	0.999827	1_54
1_55.png	0.608761	0.643499	0.783084	0.860765	0.718263	0.991649	27.365423	0.998938	33.934380	0.862254	0.441500	0.717613	33.868631	0.915501	3467	8	0	0	16	1.724138	0.000000	58	50	270.149278	6.298914	0.000000	-0.033181	-16.885778	-0.008147	-0.000929	0.029396	2703.102350	0.862254	0.862254	8	0	8	0	16	1.724138	0.000000	8	0	58	50	42	5.402986	6.298914	270.149278	0.000000	10280	2.965100	23.428036	285x285	81225	sparse	Meijering	330	8	78	3431	51.950500	0.997437	43.332948	0.999867	0.832857	0.379978	10	0	0.875000	98	3412	55.395572	0.998662	0.999944	47.843037	0.402831	0.831193	4152	56.259643	0.998474	0.999952	48.689798	0.405479	0.831328	-9.398568	0.061522	-18.081869	-0.081936	True	0.608659	33.873535	0.914440	33.991790	0.565039	0.405479	0.641942	44.251201	0.999796	1_55
1_56.png	0.643899	0.677757	0.807932	0.876010	0.749673	0.992322	28.372843	0.998957	34.665683	0.874628	0.480558	0.762845	34.732140	0.915507	3783	8	0	0	16	1.741935	0.000000	62	54	301.634560	6.301161	0.000000	-0.013053	-17.148100	-0.007519	-0.000930	0.039028	3455.362082	0.874628	0.874628	8	0	8	0	16	1.741935	0.000000	8	0	62	54	46	5.585825	6.301161	301.634560	0.000000	10233	2.704996	21.471055	285x285	81225	sparse	Meijering	413	8	83	3762	53.215247	0.997975	44.656108	0.999887	0.835600	0.504831	7	0	0.937500	98	3366	55.394148	0.998721	0.999939	47.887469	0.501994	0.835767	3792	55.287555	0.997908	0.999935	47.835788	0.525605	0.835630	-9.990425	-0.024274	-18.483107	-0.082467	True	0.643739	34.741771	0.915782	34.749246	0.573652	0.437608	0.656953	45.520943	0.999841	1_56
1_57.png	0.622427	0.650167	0.788001	0.872145	0.718665	0.991450	27.016132	0.999036	33.939855	0.888354	0.447057	0.706135	34.213919	0.916560	3467	8	0	0	16	1.724138	0.000000	58	50	271.663997	6.113341	0.000000	-0.047561	-17.513984	-0.008356	-0.000843	0.073654	2824.769497	0.888354	0.888354	8	0	8	0	16	1.724138	0.000000	8	0	58	50	42	5.433280	6.113341	271.663997	0.000000	9973	2.876550	23.428036	285x285	81225	sparse	Meijering	327	8	79	3438	52.206709	0.997579	43.589160	0.999879	0.814700	0.481855	8	2	0.000000	97	3244	54.924745	0.998563	0.999940	47.177891	0.481855	0.811755	4153	56.519198	0.998473	0.999958	48.953609	0.472708	0.814250	-9.649304	-0.034798	-17.992790	-0.081018	True	0.622672	34.224620	0.916380	33.962123	0.549546	0.388054	0.669988	44.530117	0.999806	1_57
1_58.png	0.588194	0.625751	0.769799	0.876980	0.685963	0.991091	28.198508	0.998881	34.645682	0.874344	0.421606	0.736050	35.763010	0.927204	3178	8	0	0	16	1.692308	0.000000	52	44	250.350288	6.287035	0.000000	-0.055389	-16.406828	-0.008647	-0.000958	0.065619	2467.617035	0.874344	0.874344	8	0	8	0	16	1.692308	0.000000	8	0	52	44	36	5.689779	6.287035	250.350288	0.000000	9329	2.935494	25.558527	285x285	81225	sparse	Meijering	318	8	77	3114	52.422314	0.997286	43.635867	0.999840	0.808726	0.490480	7	1	0.437500	98	3050	55.731200	0.998658	0.999937	48.113638	0.437295	0.807799	4554	58.479984	0.998976	0.999974	51.928618	0.501994	0.808346	-8.990185	-0.068874	-16.659304	-0.070082	True	0.588443	35.743512	0.925397	34.697302	0.556253	0.409430	0.643583	44.605336	0.999738	1_58
1_59.png	0.618727	0.653547	0.790479	0.879572	0.717775	0.991274	27.570714	0.998924	34.406132	0.878503	0.447057	0.753626	35.000913	0.920190	3378	8	0	0	16	1.728814	0.000000	59	51	272.078210	5.981889	0.000000	-0.034487	-17.376511	-0.008521	-0.000942	0.059070	2590.111256	0.878503	0.878503	8	0	8	0	16	1.728814	0.000000	8	0	59	51	43	5.334867	5.981889	272.078210	0.000000	9707	2.873594	24.045293	285x285	81225	sparse	Meijering	333	8	79	3318	52.572683	0.997606	44.063986	0.999867	0.819433	0.405479	9	0	0.937500	98	3208	55.597280	0.998663	0.999940	48.160823	0.405479	0.822114	4285	57.292457	0.998471	0.999964	50.227233	0.408116	0.822133	-9.657854	0.041577	-17.571769	-0.077417	True	0.619546	35.019357	0.919986	34.480796	0.545019	0.410741	0.653213	44.947225	0.999795	1_59
1_6.png	0.795900	0.804023	0.891367	0.824032	0.970685	0.993759	30.853393	0.998525	35.660156	0.916655	0.723073	1.424401	33.880654	0.896912	3997	5	0	1	11	1.863014	0.000000	73	68	371.918831	8.065276	0.000000	-0.018699	-13.874466	-0.006066	-0.001250	-0.016473	2660.872221	0.916655	0.916655	5	0	5	1	11	1.863014	0.000000	5	0	73	68	61	5.469395	8.065276	371.918831	0.000000	10644	2.662997	20.321491	285x285	81225	sparse	Otsu	376	5	81	3950	51.964308	0.997263	44.416820	0.999775	0.933128	0.661535	6	0	0.900000	98	3630	55.315707	0.998909	0.999887	48.086900	0.664902	0.932972	800	35.853821	0.951992	0.989869	27.060188	0.672631	0.921371	-8.756664	0.061538	-18.083654	-0.100351	True	0.796369	33.883574	0.897720	35.737237	0.576838	0.821649	0.814599	44.727859	0.999825	1_6
1_60.png	0.631460	0.660014	0.795191	0.882367	0.723692	0.990272	27.922514	0.998874	34.589910	0.890950	0.494828	0.856676	35.099226	0.920618	3417	7	0	0	14	1.750000	0.000000	56	49	277.563492	6.309808	0.000000	-0.024028	-17.076563	-0.009514	-0.000990	0.036897	2944.996119	0.890950	0.890950	7	0	7	0	14	1.750000	0.000000	7	0	56	49	42	5.664561	6.309808	277.563492	0.000000	9622	2.815920	23.770852	285x285	81225	sparse	Meijering	361	7	80	3387	52.638755	0.996973	44.094941	0.999865	0.854053	0.474024	8	0	0.928571	98	3188	55.643774	0.998725	0.999935	48.083701	0.441500	0.854092	4130	56.963594	0.998554	0.999954	49.454037	0.459359	0.854140	-9.505031	0.020804	-17.539529	-0.076355	True	0.631223	35.121279	0.918597	34.673349	0.551793	0.472708	0.655488	44.999077	0.999786	1_60
1_61.png	0.632815	0.679134	0.808910	0.891769	0.740140	0.991802	28.012987	0.998896	34.672718	0.888913	0.468738	0.811409	35.040862	0.920290	3743	8	0	0	16	1.728814	0.000000	59	51	293.462987	6.068435	0.000000	-0.027857	-18.105088	-0.008040	-0.001004	0.043455	3476.782084	0.888913	0.888913	8	0	8	0	16	1.728814	0.000000	8	0	59	51	43	5.754176	6.068435	293.462987	0.000000	9885	2.640930	21.700508	285x285	81225	sparse	Meijering	439	8	84	3733	53.667251	0.998184	45.247252	0.999900	0.845458	0.489569	8	0	1.000000	98	3284	55.438219	0.998613	0.999936	47.945229	0.494648	0.845114	3816	56.273915	0.998411	0.999943	48.599584	0.437608	0.845933	-10.574534	-0.020831	-18.626389	-0.077895	True	0.632551	35.039126	0.920662	34.694214	0.566126	0.459359	0.660672	46.118075	0.999842	1_61
1_62.png	0.647609	0.679795	0.809378	0.887746	0.743724	0.991166	27.910143	0.998765	34.810366	0.885586	0.477954	0.763246	35.298426	0.923234	3445	8	1	2	17	1.774194	0.125000	62	55	299.220346	6.026675	0.000000	-0.048072	-17.592835	-0.008635	-0.001101	0.069843	2681.702375	0.885586	0.885586	8	1	7	2	17	1.774194	0.125000	8	0	62	55	43	5.440370	6.026675	299.220346	0.000000	9789	2.841509	23.577649	285x285	81225	sparse	Meijering	346	8	81	3435	53.046180	0.997373	44.824434	0.999866	0.815743	0.495910	8	1	0.500000	98	3274	55.572883	0.998684	0.999928	48.109491	0.493383	0.811611	4151	56.888640	0.998670	0.999947	49.362101	0.484439	0.815636	-10.014068	-0.017956	-17.747754	-0.074140	True	0.647049	35.289994	0.922007	34.859048	0.558466	0.426247	0.695681	45.502977	0.999801	1_62
1_63.png	0.597201	0.633311	0.775493	0.882842	0.691420	0.991236	27.604851	0.999036	34.789105	0.865589	0.447057	0.757413	34.982825	0.923297	3584	8	0	0	16	1.737705	0.000000	61	53	272.492424	5.980325	0.000000	-0.041711	-18.049057	-0.008577	-0.000853	0.062798	3232.394695	0.865589	0.865589	8	0	8	0	16	1.737705	0.000000	8	0	61	53	45	5.141366	5.980325	272.492424	0.000000	9930	2.770647	22.663225	285x285	81225	sparse	Meijering	393	8	82	3505	53.168605	0.997600	44.748341	0.999890	0.802791	0.435103	9	0	0.937500	98	3244	55.564584	0.998686	0.999943	48.146312	0.393469	0.799917	3993	56.436250	0.998467	0.999951	48.865609	0.362951	0.802626	-9.959237	0.011954	-18.185780	-0.074304	True	0.596509	34.974389	0.922607	34.824091	0.566126	0.428791	0.638912	45.653908	0.999813	1_63
1_64.png	0.643264	0.669860	0.802295	0.875081	0.740687	0.992661	27.271731	0.998918	34.681414	0.867139	0.447517	0.726685	34.602243	0.923111	3750	9	0	0	18	1.735294	0.000000	68	59	307.291414	5.965603	0.000000	-0.068237	-18.226803	-0.007156	-0.000957	0.075418	3152.283907	0.867139	0.867139	9	0	9	0	18	1.735294	0.000000	9	0	68	59	50	5.208329	5.965603	307.291414	0.000000	10122	2.699200	21.660000	285x285	81225	sparse	Meijering	391	9	82	3662	52.883449	0.997655	44.731350	0.999875	0.791721	0.529989	8	1	0.444444	98	3402	55.327747	0.998632	0.999935	48.136429	0.519294	0.792237	3829	55.931446	0.998401	0.999937	48.382513	0.524077	0.791544	-10.049936	-0.082472	-18.281206	-0.074544	True	0.643384	34.584186	0.922237	34.734579	0.566126	0.411395	0.711501	45.498533	0.999817	1_64
1_65.png	0.626500	0.664354	0.798333	0.877591	0.732205	0.992054	28.269304	0.999016	34.576104	0.865697	0.472708	0.935576	34.734892	0.920871	3656	8	0	1	17	1.733333	0.000000	60	52	300.190909	6.129075	0.000000	-0.023516	-16.472128	-0.007721	-0.000846	0.030867	3058.255434	0.865697	0.865697	8	0	8	1	17	1.733333	0.000000	8	0	60	52	42	5.772902	6.129075	300.190909	0.000000	10361	2.833972	22.216904	285x285	81225	sparse	Meijering	380	8	80	3603	52.238258	0.997154	43.839722	0.999861	0.834829	0.403097	10	0	0.875000	98	3446	55.273409	0.998612	0.999944	48.017629	0.428791	0.836800	3993	56.278450	0.998461	0.999948	48.728222	0.424970	0.836059	-9.263617	0.069611	-17.503366	-0.076283	True	0.626604	34.753550	0.920130	34.679131	0.566126	0.529654	0.650016	44.741432	0.999776	1_65
1_66.png	0.622207	0.644294	0.783673	0.876599	0.708560	0.991920	28.104951	0.998926	34.545710	0.878493	0.413354	0.731828	34.994645	0.920572	3363	9	0	0	18	1.700000	0.000000	60	51	277.806133	6.169638	0.000000	-0.034596	-16.250933	-0.007822	-0.000920	0.052423	2400.368214	0.878493	0.878493	9	0	9	0	18	1.700000	0.000000	9	0	60	51	42	5.447179	6.169638	277.806133	0.000000	10160	3.021112	24.152542	285x285	81225	sparse	Meijering	306	9	77	3356	51.905254	0.997215	43.539640	0.999847	0.826070	0.428791	9	1	0.500000	98	3358	55.294228	0.998587	0.999937	47.967296	0.426247	0.828405	4377	56.970547	0.998674	0.999959	49.603793	0.423691	0.827801	-8.993930	-0.015437	-16.910610	-0.076643	True	0.621563	34.990539	0.919796	34.739083	0.578948	0.423691	0.656804	44.355883	0.999742	1_66
1_67.png	0.613091	0.642698	0.782491	0.886841	0.700112	0.991651	28.072058	0.999014	34.677796	0.875707	0.455289	0.754758	35.423492	0.923703	3290	8	0	0	16	1.737705	0.000000	61	53	279.735065	6.122759	0.000000	-0.018426	-16.621065	-0.008103	-0.000843	0.034975	2498.301268	0.875707	0.875707	8	0	8	0	16	1.737705	0.000000	8	0	61	53	45	5.278020	6.122759	279.735065	0.000000	9710	2.951368	24.688450	285x285	81225	sparse	Meijering	304	8	77	3241	52.258128	0.997287	43.853837	0.999857	0.840733	0.393469	9	0	0.937500	98	3286	55.614919	0.998714	0.999944	47.923457	0.389412	0.841413	4329	57.707045	0.998834	0.999968	50.269322	0.392120	0.839905	-9.176041	0.061820	-16.834636	-0.073584	True	0.613329	35.442103	0.922094	34.795561	0.556253	0.419836	0.631517	44.693123	0.999755	1_67
1_68.png	0.606353	0.614719	0.761395	0.850723	0.689043	0.992470	28.410937	0.999148	35.437838	0.859362	0.430059	0.838922	35.375511	0.925203	3601	9	0	0	18	1.727273	0.000000	66	57	290.806133	6.148263	0.000000	-0.061840	-17.354083	-0.007329	-0.000733	0.057946	3342.864752	0.859362	0.859362	9	0	9	0	18	1.727273	0.000000	9	0	66	57	48	5.101862	6.148263	290.806133	0.000000	9481	2.632880	22.556234	285x285	81225	sparse	Meijering	406	9	82	3526	53.164173	0.997408	44.686384	0.999881	0.801416	0.481855	8	1	0.444444	98	3194	55.710939	0.998710	0.999941	48.127862	0.468738	0.802520	3949	56.736296	0.998627	0.999949	48.916735	0.474024	0.800353	-9.248546	-0.051796	-17.788662	-0.072205	True	0.606318	35.330069	0.923410	35.458601	0.565039	0.474024	0.668193	45.765020	0.999799	1_68
1_69.png	0.655310	0.670353	0.802648	0.802212	0.803085	0.992711	29.718263	0.998778	35.906923	0.842527	0.571158	1.201349	35.671736	0.927571	3497	6	0	1	13	1.800000	0.000000	60	54	288.178716	7.840313	0.000000	-0.025184	-15.884847	-0.007090	-0.001042	-0.013795	2898.562193	0.842527	0.842527	6	0	6	1	13	1.800000	0.000000	6	0	60	54	46	5.336643	7.840313	288.178716	0.000000	9477	2.710037	23.227052	285x285	81225	sparse	Otsu	350	6	81	3464	52.968122	0.997298	44.748724	0.999820	0.856322	0.483149	8	1	0.333333	98	3150	55.607736	0.998734	0.999905	48.055096	0.481855	0.855603	4141	57.106925	0.998661	0.999935	49.610863	0.483149	0.856118	-8.841801	0.088009	-17.296386	-0.069727	True	0.655046	35.659247	0.925559	35.940853	0.584179	0.701803	0.680495	45.603110	0.999801	1_69
1_7.png	0.808965	0.808346	0.894017	0.834114	0.963189	0.993426	32.061805	0.998434	36.505995	0.927889	0.719729	1.041809	36.112464	0.909480	3999	5	0	0	10	1.852941	0.000000	68	63	370.989899	7.768036	0.000000	-0.006023	-14.190978	-0.006398	-0.001351	-0.013818	3053.244114	0.927889	0.927889	5	0	5	0	10	1.852941	0.000000	5	0	68	63	58	5.888729	7.768036	370.989899	0.000000	10006	2.502126	20.311328	285x285	81225	sparse	Otsu	441	5	85	3942	53.721345	0.998261	46.076256	0.999786	0.941707	0.654697	6	0	0.900000	99	3896	56.349177	0.999022	0.999881	49.116503	0.616012	0.944336	811	38.371042	0.959813	0.992427	29.858955	0.719729	0.930907	-9.570261	0.065032	-17.608881	-0.088781	True	0.806186	36.119798	0.908475	36.748035	0.582095	0.606431	0.814988	46.252783	0.999824	1_7
1_70.png	0.632186	0.641169	0.781357	0.791215	0.771741	0.993089	31.562746	0.998711	35.777979	0.841787	0.547666	0.963528	36.400253	0.928978	3180	6	0	1	13	1.773585	0.000000	53	47	270.107648	8.088850	0.000000	-0.018875	-13.226674	-0.006624	-0.001056	-0.020578	2419.380903	0.841787	0.841787	6	0	6	1	13	1.773585	0.000000	6	0	53	47	39	5.746971	8.088850	270.107648	0.000000	9065	2.850629	25.542453	285x285	81225	sparse	Otsu	302	6	77	3160	52.317588	0.997566	43.881072	0.999766	0.862365	0.546155	6	0	1.000000	98	3020	55.807249	0.998765	0.999901	48.097648	0.483149	0.861272	4508	58.764330	0.999023	0.999959	51.821680	0.484623	0.861805	-8.103093	0.001510	-15.917335	-0.068588	True	0.632869	36.449132	0.929069	35.865074	0.571515	0.550671	0.651060	44.789420	0.999713	1_70
1_71.png	0.647068	0.656895	0.792923	0.795941	0.789928	0.992495	30.373059	0.998536	35.604346	0.854549	0.565402	1.062353	35.672075	0.928010	3332	6	0	1	13	1.796610	0.000000	59	53	285.007143	7.861207	0.000000	-0.023846	-14.855797	-0.007226	-0.001244	-0.023237	2370.594025	0.854549	0.854549	6	0	6	1	13	1.796610	0.000000	6	0	59	53	45	5.377493	7.861207	285.007143	0.000000	9263	2.780012	24.377251	285x285	81225	sparse	Otsu	318	6	79	3284	52.622631	0.997560	44.388191	0.999780	0.877786	0.488291	8	1	0.333333	98	3080	55.725050	0.998747	0.999900	48.161608	0.483149	0.877111	4395	57.977160	0.998890	0.999946	50.863670	0.480558	0.878347	-8.783845	0.077110	-16.950556	-0.069550	True	0.647013	35.684904	0.928610	35.659095	0.586253	0.622808	0.670914	45.228856	0.999722	1_71
1_72.png	0.631397	0.661906	0.796563	0.870306	0.734340	0.992311	28.811008	0.998713	34.913770	0.869439	0.483149	0.882901	35.282963	0.920426	3508	8	0	1	17	1.724138	0.000000	58	50	301.563492	6.242238	0.000000	-0.043603	-17.145538	-0.007469	-0.001137	0.044425	2957.786083	0.869439	0.869439	8	0	8	1	17	1.724138	0.000000	8	0	58	50	40	6.031270	6.242238	301.563492	0.000000	9377	2.673033	23.154219	285x285	81225	sparse	Meijering	386	8	82	3431	53.437185	0.997529	45.166739	0.999850	0.825014	0.513248	8	1	0.500000	98	3128	55.774804	0.998750	0.999914	48.113769	0.522886	0.817630	4023	57.306144	0.998823	0.999943	49.660900	0.500926	0.822389	-10.252968	-0.030099	-18.154222	-0.077104	True	0.631336	35.272937	0.919927	34.978043	0.575779	0.508356	0.675000	45.956546	0.999780	1_72
1_73.png	0.649642	0.686848	0.814357	0.880932	0.757138	0.994015	30.001099	0.998650	34.979401	0.872036	0.427520	0.703558	35.680960	0.926535	3467	9	0	0	18	1.700000	0.000000	60	51	286.320851	6.203083	0.000000	-0.028152	-15.924280	-0.005727	-0.001185	0.039732	2974.800348	0.872036	0.872036	9	0	9	0	18	1.700000	0.000000	9	0	60	51	42	5.614134	6.203083	286.320851	0.000000	9102	2.625324	23.428036	285x285	81225	sparse	Meijering	377	9	82	3378	53.565153	0.997908	45.143045	0.999835	0.832304	0.507125	8	1	0.444444	99	3436	56.614684	0.998920	0.999927	49.111395	0.508356	0.832082	4133	57.838003	0.999053	0.999948	50.148833	0.498424	0.831211	-10.163644	-0.079605	-17.884192	-0.071374	True	0.650358	35.683942	0.925848	35.054557	0.566126	0.398302	0.677794	45.925379	0.999742	1_73
1_8.png	0.812574	0.810484	0.895323	0.831560	0.969676	0.993737	31.009769	0.998537	36.803508	0.921609	0.728556	1.319066	35.720387	0.906241	3950	5	0	0	10	1.864865	0.000000	74	69	378.161472	7.817472	0.000000	-0.011052	-14.694504	-0.006066	-0.001218	-0.011060	3039.932728	0.921609	0.921609	5	0	5	0	10	1.864865	0.000000	5	0	74	69	64	5.480601	7.817472	378.161472	0.000000	10467	2.649873	20.563291	285x285	81225	sparse	Otsu	416	5	83	3936	53.055476	0.997872	45.575014	0.999755	0.932668	0.623615	7	0	0.800000	98	3500	55.497296	0.998862	0.999866	48.259092	0.628954	0.932268	812	37.308926	0.955405	0.989973	28.671367	0.619289	0.921340	-8.771506	0.104941	-17.335089	-0.091632	True	0.812398	35.707059	0.904813	36.850306	0.577895	0.762281	0.823626	45.704273	0.999803	1_8
1_9.png	0.813926	0.801905	0.890064	0.821941	0.970498	0.993920	31.569058	0.998403	36.029604	0.913805	0.732865	1.225302	34.860264	0.904627	4133	5	0	1	11	1.876543	0.000000	81	76	383.404112	8.161218	0.000000	-0.007215	-14.184921	-0.005907	-0.001377	-0.021443	3313.143969	0.913805	0.913805	5	0	5	1	11	1.876543	0.000000	5	0	81	76	69	5.044791	8.161218	383.404112	0.000000	10666	2.580692	19.652795	285x285	81225	sparse	Otsu	443	5	84	4127	52.955600	0.998096	45.387010	0.999779	0.935249	0.747413	5	0	1.000000	98	3548	55.244155	0.998888	0.999867	48.094783	0.739200	0.936866	743	35.632751	0.942506	0.986838	27.038231	0.738154	0.932875	-9.357406	-0.014548	-18.095336	-0.093469	True	0.813953	34.869822	0.904118	36.080697	0.594445	0.728375	0.821142	45.753979	0.999827	1_9
