filename	gt_iou	seg_iou	seg_f1	seg_precision	seg_recall	gt_fg_ssim	gt_fg_psnr	ng_fg_ssim	ng_fg_psnr	ng_iou	ng_topo_q	topo_preservation	ng_psnr	ng_ssim	ng_bytes	graph_n_components	graph_n_cycles	graph_n_junctions	graph_n_endpoints	graph_mean_degree	graph_complexity	n_nodes	n_edges	total_edge_length	mean_width_px	mean_curvature	delta_gt_iou	delta_gt_fg_psnr	delta_gt_fg_ssim	delta_fg_ssim	delta_iou	total_time_ms	self_iou	ng_recon_iou	ng_n_components	ng_n_cycles	ng_euler_characteristic	ng_n_junctions	ng_n_endpoints	ng_mean_degree	ng_graph_complexity	ng_seg_beta_0	ng_seg_beta_1	graph_n_nodes	graph_n_edges	graph_n_sampled	graph_mean_edge_length	graph_mean_width	graph_total_edge_length	graph_mean_curvature	png_bytes	ng_vs_png	ng_vs_raw	image_shape	image_pixels	image_type	segmenter	n_points	n_structures	jpeg_quality	jpeg_bytes	jpeg_psnr	jpeg_ssim	jpeg_fg_psnr	jpeg_fg_ssim	jpeg_iou	jpeg_topo_q	jpeg_beta_0	jpeg_beta_1	jpeg_betti_preservation	webp_quality	webp_bytes	webp_psnr	webp_ssim	webp_fg_ssim	webp_fg_psnr	webp_topo_q	webp_iou	jp2_bytes	jp2_psnr	jp2_ssim	jp2_fg_ssim	jp2_fg_psnr	jp2_topo_q	jp2_iou	delta_fg_psnr	delta_topo_q	delta_psnr	delta_ssim	gt_available	pre_gt_iou	pre_ng_psnr	pre_ng_ssim	pre_ng_fg_psnr	gt_topology_q	recon_topology_q	jpeg_gt_iou	jpeg_gt_fg_psnr	jpeg_gt_fg_ssim	stem
HUMAN_1b_y512x0.png	0.355046	0.482103	0.650566	0.543672	0.809783	0.998538	24.612786	0.995615	29.976292	0.478026	0.619289	0.947298	31.137442	0.758905	3952	7	0	9	23	1.825000	0.000000	80	73	382.776695	5.927826	0.000000	-0.007935	-6.617743	-0.000942	-0.000892	-0.010164	7974.178791	0.478026	0.478026	7	0	7	9	23	1.825000	0.000000	7	0	80	73	48	5.243516	5.927826	382.776695	0.000000	42141	10.663209	16.582996	256x256	65536	dense	Otsu	517	7	55	3856	34.798459	0.820073	31.310455	0.996506	0.488191	0.731526	8	13	0.000000	71	3918	35.272703	0.838597	0.997451	32.639009	0.814741	0.486677	539	32.660797	0.767979	0.992355	27.306119	0.954951	0.484874	-1.334163	-0.112237	-3.661016	-0.061168	True	0.352481	31.154503	0.759003	30.007283	0.829326	0.785619	0.362981	31.230529	0.999480	HUMAN_1b_y512x0
HUMAN_1b_y512x256.png	0.327984	0.430739	0.602121	0.457113	0.881874	0.999371	26.763060	0.994121	29.416498	0.674302	0.873814	0.766761	33.338212	0.821145	2483	2	0	3	8	1.913043	0.000000	46	44	227.195959	9.182240	0.000000	0.003490	-3.985397	-0.000444	-0.000639	0.005509	2720.010996	0.674302	0.674302	2	0	2	3	8	1.913043	0.000000	2	0	46	44	35	5.163545	9.182240	227.195959	0.000000	40724	16.401128	26.393878	256x256	65536	sparse	Otsu	280	2	46	2478	35.896614	0.845261	30.111332	0.994760	0.668793	0.954951	3	9	0.000000	72	2220	36.400864	0.851668	0.996949	31.954620	0.886505	0.670396	3802	37.428249	0.859512	0.999246	37.909478	0.472228	0.673637	-0.694834	-0.081137	-2.558401	-0.024116	True	0.328216	33.355162	0.821470	29.459621	0.941574	0.721963	0.324494	30.748457	0.999815	HUMAN_1b_y512x256
HUMAN_1b_y768x0.png	0.311832	0.366395	0.536294	0.407253	0.785040	0.998605	24.309183	0.996773	30.055031	0.560667	0.878762	1.077131	31.096977	0.812811	5945	8	9	33	31	2.010152	1.125000	197	198	948.139177	3.363208	0.000000	0.004553	-8.244745	-0.000896	-0.001305	0.004317	2408.505201	0.560667	0.560667	8	9	-1	33	31	2.010152	1.125000	8	9	197	198	133	4.788582	3.363208	948.139177	0.000000	40629	6.834146	11.023717	256x256	65536	dense	Learned	823	8	75	5837	36.540922	0.874656	32.386597	0.998078	0.556350	0.442730	34	42	0.000000	81	5890	37.529793	0.898206	0.998877	34.609976	0.328140	0.556139	342	30.048490	0.765141	0.988762	23.022700	0.487560	0.481291	-2.331567	0.436032	-5.443945	-0.061845	True	0.311856	31.102146	0.813233	30.076649	0.563554	0.607021	0.307279	32.553928	0.999501	HUMAN_1b_y768x0
HUMAN_1b_y768x256.png	0.370880	0.423219	0.594735	0.506529	0.720140	0.996281	25.496598	0.996472	29.901718	0.520757	0.753693	0.840043	29.508161	0.758524	8877	17	8	46	65	1.940594	0.470588	303	294	1363.668181	3.265613	0.000000	0.008449	-7.298995	-0.002708	-0.001651	0.018027	3375.673056	0.520757	0.520757	17	8	9	46	65	1.940594	0.470588	17	8	303	294	192	4.638327	3.265613	1363.668181	0.000000	43696	4.922384	7.382674	256x256	65536	dense	Learned	1181	17	77	8820	35.112714	0.868379	32.716447	0.998123	0.502730	0.404488	60	51	0.000000	79	8610	36.332225	0.909063	0.998584	34.178300	0.330078	0.499596	247	20.460887	0.537421	0.963816	15.800614	0.869971	0.345569	-2.814729	0.349205	-5.604553	-0.109855	True	0.371054	29.515797	0.758585	29.914657	0.645296	0.542076	0.362431	32.795594	0.998989	HUMAN_1b_y768x256
HUMAN_1b_y768x512.png	0.247387	0.246227	0.395156	0.255354	0.873239	0.999650	25.593111	0.999075	31.434495	0.643300	0.972124	1.000000	35.047915	0.776014	1662	1	2	8	6	2.045455	2.000000	44	45	206.095454	3.837361	0.000000	0.022276	-5.325975	-0.000174	-0.000106	-0.011116	1557.693720	0.643300	0.643300	1	2	-1	8	6	2.045455	2.000000	1	2	44	45	30	4.579899	3.837361	206.095454	0.000000	40899	24.608303	39.432010	256x256	65536	sparse	Learned	244	1	35	1633	35.556195	0.784640	32.135228	0.999181	0.654416	0.872546	1	0	0.500000	68	1588	35.896546	0.801743	0.999209	32.430551	0.374104	0.636204	5717	37.160299	0.860494	0.999777	37.616894	0.259799	0.626016	-0.700733	0.099578	-0.508281	-0.008626	True	0.247905	35.059124	0.776135	31.464740	0.653544	0.653544	0.225111	30.919086	0.999824	HUMAN_1b_y768x512
HUMAN_2b_y0x256.png	0.292289	0.414818	0.586390	0.440774	0.875687	0.997320	22.576423	0.993488	29.436396	0.568457	0.871265	1.446338	29.198602	0.869274	4244	4	0	8	17	1.912088	0.000000	91	87	446.835570	8.599774	0.000000	-0.021402	-9.198404	-0.002372	-0.001800	-0.029863	4043.114662	0.568457	0.568457	4	0	4	8	17	1.912088	0.000000	4	0	91	87	66	5.136041	8.599774	446.835570	0.000000	37563	8.850848	15.442036	256x256	65536	sparse	Otsu	450	4	66	4175	36.538239	0.925767	31.135293	0.995288	0.598320	0.847964	11	31	0.000000	80	4154	38.580184	0.934661	0.998087	35.051723	0.754633	0.597145	475	30.322244	0.857034	0.981314	24.094331	0.923209	0.580763	-1.698897	0.023301	-7.339637	-0.056493	True	0.292389	29.203259	0.869935	29.470756	0.641066	0.927197	0.313692	31.774827	0.999691	HUMAN_2b_y0x256
HUMAN_2b_y0x512.png	0.161374	0.011425	0.022593	0.711864	0.011479	0.988470	18.994329	0.999992	25.718063	0.003021	0.228948	1.443549	27.322044	0.733479	610	1	0	0	2	1.600000	0.000000	5	4	13.242641	1.952247	0.000000						574.127674	0.003021	0.003021	1	0	1	0	2	1.600000	0.000000	1	0	5	4	3	3.310660	1.952247	13.242641	0.000000	39733	65.136066	107.436066	256x256	65536	sparse	Frangi	59	1												1	586	32.004417	0.810667	0.999989	23.980504	0.730480	0.003355												True	0.161050	27.318126	0.733660	25.746484	0.627329	0.905580				HUMAN_2b_y0x512
HUMAN_2b_y0x768.png	0.121035	0.221645	0.362864	0.228630	0.878860	0.999451	31.001358	0.995492	32.694805	0.374629	0.835526	1.527235	37.359706	0.923763	4211	8	5	26	35	1.967033	0.625000	182	179	814.168614	3.373456	0.000000	-0.004890	-3.304327	-0.000300	-0.002100	-0.010022	1982.560873	0.374629	0.374629	8	5	3	26	35	1.967033	0.625000	8	5	182	179	121	4.548428	3.373456	814.168614	0.000000	31043	7.371883	15.563049	256x256	65536	sparse	Learned	568	8	81	4014	41.167465	0.952120	35.298304	0.997591	0.384651	0.620375	28	52	0.000000	90	4190	43.399401	0.961452	0.999126	40.027551	0.511803	0.379399	470	36.979026	0.888249	0.994057	30.534911	0.997757	0.369258	-2.603498	0.215151	-3.807759	-0.028357	True	0.120309	37.375587	0.924706	32.699965	0.622178	0.950213	0.125925	34.305685	0.999750	HUMAN_2b_y0x768
HUMAN_2b_y256x512.png	0.275158	0.526621	0.689918	0.559959	0.898431	0.999092	26.564965	0.998524	29.965192	0.439441	0.374998	1.073116	35.270795	0.914818	1970	6	0	2	14	1.684211	0.000000	38	32	158.610173	5.245382	0.000000	-0.022864	-4.306196	-0.000661	-0.000220	-0.017629	1821.605682	0.439441	0.439441	6	0	6	2	14	1.684211	0.000000	6	0	38	32	22	4.956568	5.245382	158.610173	0.000000	33435	16.972081	33.267005	256x256	65536	sparse	Meijering	222	6	48	1954	39.247871	0.929932	30.949032	0.998744	0.457070	0.440901	14	7	0.000000	80	1860	40.343342	0.935693	0.999460	34.481284	0.506541	0.443266	4650	41.862973	0.944667	0.999894	41.302773	0.350082	0.459123	-0.983840	-0.065903	-3.977076	-0.015114	True	0.274691	35.322660	0.915775	29.969773	0.621674	0.667129	0.298022	30.871162	0.999753	HUMAN_2b_y256x512
HUMAN_2b_y256x768.png	0.207202	0.464770	0.634598	0.493880	0.887451	0.998855	23.937780	0.999107	30.231176	0.372749	0.445673	2.301318	35.818206	0.891788	1672	4	0	2	10	1.733333	0.000000	30	26	130.982756	4.726998	0.000000	-0.012400	-6.442240	-0.000982	-0.000076	-0.019480	1484.423637	0.372749	0.372749	4	0	4	2	10	1.733333	0.000000	4	0	30	26	18	5.037798	4.726998	130.982756	0.000000	35944	21.497608	39.196172	256x256	65536	sparse	Meijering	209	4	36	1667	38.346061	0.898213	30.782155	0.999183	0.392229	0.983261	2	7	0.000000	77	1654	39.133390	0.909153	0.999541	33.164356	0.608168	0.389420	5481	40.967410	0.933775	0.999932	41.154255	0.520390	0.404055	-0.550979	-0.537588	-2.527855	-0.006425	True	0.206758	35.845307	0.892338	30.240565	0.379151	0.872546	0.219602	30.380019	0.999837	HUMAN_2b_y256x768
HUMAN_2b_y512x0.png	0.272959	0.255416	0.406902	0.268978	0.835138	0.997319	25.940207	0.988004	30.465629	0.507545	0.938168	0.959690	30.875019	0.861285	10029	12	26	84	69	2.064073	2.166667	437	451	1915.971788	3.040266	0.000000	0.020680	-10.773486	-0.002226	-0.008749	0.027670	5407.804489	0.507545	0.507545	12	26	-14	84	69	2.064073	2.166667	12	30	437	451	284	4.248274	3.040266	1915.971788	0.000000	36588	3.648220	6.534650	256x256	65536	sparse	Learned	1379	12	89	9907	40.340541	0.946650	37.103463	0.996753	0.479875	0.367089	101	159	0.000000	91	9432	42.793976	0.964872	0.998456	40.661984	0.364802	0.479209	247	25.977096	0.683728	0.949148	19.857958	0.975766	0.356031	-6.637834	0.571079	-9.465522	-0.085365	True	0.272805	30.876507	0.861584	30.467180	0.704277	0.675888	0.252279	36.713693	0.999545	HUMAN_2b_y512x0
HUMAN_2b_y512x512.png	0.282618	0.369041	0.539124	0.391463	0.865646	0.994353	26.584129	0.980949	30.085367	0.726641	0.961355	1.470608	30.141240	0.839202	5811	3	0	8	14	1.938144	0.000000	97	94	553.345238	9.997319	0.000000	0.007858	-5.571924	-0.004584	-0.007062	0.080912	6956.284761	0.726641	0.726641	3	0	3	8	14	1.938144	0.000000	3	0	97	94	75	5.886651	9.997319	553.345238	0.000000	39081	6.725348	11.277921	256x256	65536	sparse	Otsu	680	3	75	5740	36.753979	0.920804	32.245119	0.988011	0.645729	0.674535	32	50	0.000000	82	5762	38.517472	0.937400	0.994319	35.229387	0.526013	0.645440	342	29.091815	0.778963	0.933829	23.408584	0.999994	0.610058	-2.159752	0.286820	-6.612738	-0.081602	True	0.282597	30.149047	0.839521	30.089982	0.676563	0.994958	0.274760	32.156053	0.998937	HUMAN_2b_y512x512
HUMAN_2b_y768x0.png	0.302552	0.364114	0.533847	0.391898	0.837022	0.997684	25.107618	0.997157	30.405389	0.724518	0.930052	1.204732	35.873789	0.941062	1932	1	0	2	4	1.928571	0.000000	28	27	146.083261	7.106344	0.000000	-0.001973	-7.258706	-0.002120	-0.001009	0.056271	2020.169497	0.724518	0.724518	1	0	1	2	4	1.928571	0.000000	1	0	28	27	22	5.410491	7.106344	146.083261	0.000000	28239	14.616460	33.921325	256x256	65536	sparse	Otsu	256	1	66	1928	42.160862	0.959059	32.926798	0.998166	0.668246	0.639405	7	6	0.000000	86	1706	43.433846	0.961193	0.999320	37.074298	0.393469	0.637983	4807	44.894075	0.965512	0.999861	43.745853	0.335707	0.664775	-2.521410	0.290647	-6.287073	-0.017997	True	0.302725	35.874403	0.942095	30.405345	0.799445	0.963117	0.304525	32.366324	0.999804	HUMAN_2b_y768x0
HUMAN_2b_y768x512.png	0.333333	0.381451	0.552247	0.441176	0.738061	0.998243	23.428206	0.999125	29.582784	0.796898	0.763072	1.403651	37.601383	0.935206	1257	1	0	0	2	1.846154	0.000000	13	12	77.213203	7.428365	0.000000	-0.038452	-5.716473	-0.001592	0.000285	-0.027828	1380.013466	0.796898	0.796898	1	0	1	0	2	1.846154	0.000000	1	0	13	12	11	6.434434	7.428365	77.213203	0.000000	31660	25.186953	52.136834	256x256	65536	sparse	Otsu	186	1	14	1247	37.372731	0.868706	28.355585	0.998839	0.824726	0.609372	2	0	0.500000	79	1186	41.333920	0.939362	0.999738	34.206755	0.464739	0.813559								1.227199	0.153700	0.228652	0.066500	True	0.333559	37.607768	0.935860	29.606188	0.579650	0.813626	0.371785	29.144679	0.999835	HUMAN_2b_y768x512
HUMAN_3b_y0x0.png	0.132187	0.401425	0.572881	0.448673	0.792188	0.994362	24.863006	0.996454	27.696286	0.228995	0.868100	1.129301	30.331388	0.670716	5716	7	6	31	35	1.988571	0.857143	175	174	808.310750	3.283645	0.000000	-0.003916	-3.616626	-0.003016	-0.000920	-0.006635	2281.141043	0.228995	0.228995	7	6	1	31	35	1.988571	0.857143	7	6	175	174	109	4.645464	3.283645	808.310750	0.000000	44497	7.784640	11.465360	256x256	65536	dense	Learned	741	7	60	5581	32.832907	0.779632	28.957666	0.997374	0.235630	0.510027	94	197	0.000000	65	5612	33.965329	0.832852	0.998428	31.115773	0.374424	0.240286	341	28.961223	0.634769	0.989369	22.349107	0.994538	0.218089	-1.261380	0.358074	-2.501519	-0.108916	True	0.132285	30.338264	0.670817	27.702749	0.698806	0.789162	0.136103	28.479632	0.997379	HUMAN_3b_y0x0
HUMAN_3b_y0x256.png	0.123230	0.030359	0.058929	0.908257	0.030452	0.978860	18.646500	0.999910	26.409826	0.004788	0.130642	1.531773	27.811886	0.657670	762	1	0	0	2	1.000000	0.000000	2	1	6.828427	4.252745	0.000000						539.891481	0.004788	0.004788	1	0	1	0	2	1.000000	0.000000	1	0	2	1	0	6.828427	4.252745	6.828427	0.000000	43335	56.870079	86.005249	256x256	65536	dense	Frangi	106	1												12	748	32.125893	0.734975	0.999859	24.957072	0.954346	0.005640												True	0.122892	27.810873	0.657848	26.411374	0.614312	0.940987				HUMAN_3b_y0x256
HUMAN_3b_y0x512.png	0.316220	0.393190	0.564445	0.399352	0.962240	0.999224	27.506568	0.991590	28.247940	0.757387	0.989327	1.138799	34.597850	0.874645	2548	1	0	6	8	1.960000	0.000000	50	49	256.237590	8.067975	0.000000	0.019695	-1.212823	-0.000264	-0.001422	0.059948	2547.808170	0.757387	0.757387	1	0	1	6	8	1.960000	0.000000	1	0	50	49	36	5.229339	8.067975	256.237590	0.000000	36769	14.430534	25.720565	256x256	65536	sparse	Meijering	279	1	56	2519	37.045614	0.894323	29.089780	0.993012	0.697439	0.554800	13	20	0.000000	79	2514	38.816500	0.908700	0.997784	33.651184	0.454949	0.698099	3664	39.454100	0.905320	0.999244	38.018674	0.436467	0.699710	-0.841839	0.434527	-2.447764	-0.019679	True	0.314191	34.606506	0.875369	28.253119	0.872546	0.993654	0.296525	28.719392	0.999488	HUMAN_3b_y0x512
HUMAN_3b_y0x768.png	0.169980	0.146083	0.254925	0.670466	0.157383	0.981085	23.655245	0.998820	27.576999	0.325541	0.259182	0.864152	31.329898	0.773377	1429	5	0	2	12	1.565217	0.000000	23	18	81.597980	4.744793	0.000000	-0.084877	-5.280160	-0.011963	0.000422	0.067923	1149.319410	0.325541	0.325541	5	0	5	2	12	1.565217	0.000000	5	0	23	18	9	4.533221	4.744793	81.597980	0.000000	40366	28.247726	45.861442	256x256	65536	sparse	Frangi	171	5	13	1426	33.819692	0.792967	26.292752	0.998398	0.257618	0.307729	18	1	0.000000	48	1404	35.363299	0.835688	0.999200	29.135547	0.228948	0.274299								1.284247	-0.048547	-2.489794	-0.019590	True	0.170066	31.334595	0.773582	27.580847	0.590165	0.509992	0.254857	28.935405	0.993048	HUMAN_3b_y0x768
HUMAN_3b_y256x0.png	0.074651	0.378627	0.549281	0.382143	0.976277	0.999540	25.916302	0.998767	27.505060	0.191466	0.411395	2.103438	34.677270	0.836080	1686	4	0	1	9	1.714286	0.000000	28	24	115.254834	5.371449	0.000000	-0.041672	-1.017236	-0.000292	-0.000026	-0.103237	1300.311804	0.191466	0.191466	4	0	4	1	9	1.714286	0.000000	4	0	28	24	18	4.802285	5.371449	115.254834	0.000000	38723	22.967378	38.870700	256x256	65536	sparse	Meijering	202	4	30	1645	35.792792	0.841817	27.635827	0.998793	0.294703	0.581048	16	14	0.000000	67	1670	36.895042	0.867026	0.999455	31.338537	0.270300	0.302108	5331	39.012885	0.905196	0.999886	38.165687	0.220414	0.301850	-0.130767	-0.169653	-1.115522	-0.005737	True	0.074549	34.694235	0.836468	27.509734	0.454835	0.956717	0.116323	26.933538	0.999832	HUMAN_3b_y256x0
HUMAN_3b_y256x256.png	0.640553	0.644928	0.784141	0.701340	0.889111	0.998000	24.035322	0.998849	27.530073	0.817082	0.393469	1.083394	35.153767	0.862883	1428	3	0	2	8	1.666667	0.000000	18	15	86.083261	6.060948	0.000000	-0.018661	-3.585480	-0.001112	0.000008	0.032422	1305.260658	0.817082	0.817082	3	0	3	2	8	1.666667	0.000000	3	0	18	15	8	5.738884	6.060948	86.083261	0.000000	37448	26.224090	45.893557	256x256	65536	sparse	Otsu	168	3	24	1423	36.415894	0.849858	27.426946	0.998841	0.784661	0.456649	4	1	0.333333	68	1400	37.743211	0.881665	0.999371	31.274057	0.360630	0.783346								0.103127	-0.063180	-1.262127	0.013025	True	0.640553	35.163782	0.863662	27.538347	0.479691	0.519695	0.659214	27.620802	0.999112	HUMAN_3b_y256x256
HUMAN_3b_y256x512.png	0.144061	0.285992	0.444781	0.607438	0.350835	0.994847	19.739158	0.999280	27.264533	0.083204	0.374998	1.291595	32.838046	0.827042	1163	2	0	1	5	1.714286	0.000000	14	12	53.698485	3.910521	0.000000	-0.092909	-4.907923	-0.002715	0.000717	-0.054884	1047.138691	0.083204	0.083204	2	0	2	1	5	1.714286	0.000000	2	0	14	12	8	4.474874	3.910521	53.698485	0.000000	38348	32.973345	56.350817	256x256	65536	sparse	Frangi	155	2	5	1155	32.548475	0.762523	23.827214	0.998564	0.138088	0.809861	4	4	0.000000	58	1128	36.919612	0.862225	0.999710	30.210506	0.509338	0.121608								3.437319	-0.434863	0.289571	0.064518	True	0.144408	32.848003	0.827416	27.276878	0.601481	0.776870	0.236970	24.647081	0.997563	HUMAN_3b_y256x512
HUMAN_3b_y256x768.png	0.304715	0.400775	0.572219	0.475184	0.719054	0.998618	27.753626	0.998145	29.082175	0.555633	0.312711	0.633364	37.101315	0.873489	1325	4	0	1	9	1.578947	0.000000	19	15	83.012193	5.500017	0.000000	-0.001924	-1.245378	-0.000695	0.000188	0.016444	1430.769444	0.555633	0.555633	4	0	4	1	9	1.578947	0.000000	4	0	19	15	9	5.534146	5.500017	83.012193	0.000000	36738	27.726792	49.461132	256x256	65536	sparse	Meijering	173	4	24	1318	37.409091	0.857812	28.540697	0.997957	0.539189	0.255468	8	1	0.000000	75	1238	38.547281	0.886607	0.999149	32.236565	0.209257	0.540930								0.541478	0.057242	-0.307776	0.015677	True	0.304920	37.113512	0.873982	29.091316	0.345140	0.218599	0.306639	28.999005	0.999313	HUMAN_3b_y256x768
HUMAN_3b_y512x0.png	0.358277	0.501327	0.667845	0.592950	0.764395	0.993012	23.965954	0.995119	27.324256	0.395643	0.806262	0.993322	27.632869	0.740844	9667	16	12	54	65	1.976331	0.750000	338	334	1495.052957	2.994361	0.000000	-0.026070	-6.259635	-0.004843	-0.002415	-0.025742	2753.103733	0.395643	0.395643	16	12	4	54	65	1.976331	0.750000	16	15	338	334	219	4.476206	2.994361	1495.052957	0.000000	44787	4.632978	6.779352	256x256	65536	dense	Learned	1268	16	75	9382	33.567059	0.879200	30.508807	0.997534	0.421385	0.460105	105	280	0.000000	80	9646	36.854316	0.928424	0.999032	34.817406	0.426979	0.416134	250	20.479156	0.470934	0.960829	14.713228	0.839586	0.322163	-3.184551	0.346157	-5.934190	-0.138356	True	0.358051	27.643311	0.741320	27.332132	0.855142	0.849431	0.384347	30.225589	0.997855	HUMAN_3b_y512x0
HUMAN_3b_y512x256.png	0.274801	0.048435	0.092396	0.607527	0.050000	0.988928	14.966335	0.999890	27.051745	0.025299	0.329680	1.471991	26.717440	0.694676	926	1	0	0	2	1.600000	0.000000	5	4	22.727922	4.179457	0.000000						818.173170	0.025299	0.025299	1	0	1	0	2	1.600000	0.000000	1	0	5	4	3	5.681981	4.179457	22.727922	0.000000	43624	47.110151	70.773218	256x256	65536	sparse	Frangi	138	1												21	904	32.511956	0.751011	0.999810	25.583790	0.703925	0.032798												True	0.274234	26.717380	0.694740	27.049892	0.529776	0.779825				HUMAN_3b_y512x256
HUMAN_3b_y512x512.png	0.348340	0.407767	0.579310	0.669783	0.510371	0.987997	18.417251	0.996975	26.451754	0.275582	0.494508	1.812817	25.970760	0.628402	4210	9	1	9	25	1.797468	0.111111	79	71	344.563492	4.578847	0.000000	-0.085809	-8.964028	-0.009469	-0.000240	-0.061531	2298.175335	0.275582	0.275582	9	1	8	9	25	1.797468	0.111111	9	1	79	71	45	4.853007	4.578847	344.563492	0.000000	46163	10.965083	15.566746	256x256	65536	dense	Meijering	495	9	37	4101	31.166041	0.744496	27.043515	0.997215	0.337113	0.513248	44	49	0.000000	42	4120	31.577917	0.772641	0.997901	28.053861	0.397053	0.335542	453	26.901255	0.629634	0.988448	20.437887	0.918894	0.305177	-0.591761	-0.018740	-5.195282	-0.116094	True	0.348664	25.973855	0.628442	26.461081	0.509829	0.924226	0.434150	27.381279	0.997466	HUMAN_3b_y512x512
HUMAN_3b_y768x256.png	0.067172	0.190132	0.319514	0.194395	0.896592	0.999471	25.897833	0.995264	28.527086	0.284220	0.729099	1.950425	30.639356	0.665041	5253	10	9	36	40	1.989011	0.900000	182	181	734.085353	2.939319	0.000000	0.013515	-3.489577	-0.000238	-0.001612	0.051433	2191.595554	0.284220	0.284220	10	9	1	36	40	1.989011	0.900000	10	10	182	181	106	4.055720	2.939319	734.085353	0.000000	43763	8.331049	12.475919	256x256	65536	dense	Learned	721	10	61	5214	33.615719	0.768866	30.569881	0.996877	0.232787	0.268084	268	261	0.000000	70	5228	34.486368	0.822621	0.997837	32.094796	0.194314	0.231281	403	31.680570	0.661476	0.993894	26.932875	0.986832	0.233772	-2.042795	0.461014	-2.976364	-0.103825	True	0.067066	30.636529	0.665113	28.524544	0.434475	0.847410	0.053657	29.387410	0.999709	HUMAN_3b_y768x256
HUMAN_3b_y768x512.png	0.431148	0.516217	0.680928	0.575265	0.834140	0.995657	23.624502	0.996902	26.925341	0.575631	0.890598	1.146911	27.977999	0.637010	8641	10	7	43	53	1.979310	0.700000	290	287	1359.116882	2.717526	0.000000	0.046128	-5.222513	-0.002610	-0.001172	0.055565	2155.387402	0.575631	0.575631	10	7	3	43	53	1.979310	0.700000	11	8	290	287	194	4.735599	2.717526	1359.116882	0.000000	45900	5.311885	7.584307	256x256	65536	dense	Learned	1148	11	68	8545	31.929103	0.797097	29.011109	0.998074	0.520066	0.250191	189	175	0.000000	66	8636	33.554999	0.870054	0.998806	31.161083	0.201484	0.512860	247	20.964394	0.455464	0.972712	15.161791	0.999864	0.309533	-2.085768	0.640407	-3.951105	-0.160087	True	0.431496	27.978760	0.637019	26.927355	0.732041	0.839586	0.385019	28.847015	0.998266	HUMAN_3b_y768x512
HUMAN_3b_y768x768.png	0.531022	0.571588	0.727402	0.625726	0.868533	0.997402	23.955896	0.997553	27.126105	0.784907	0.596670	1.576948	30.430636	0.688809	3033	5	0	3	13	1.814815	0.000000	54	49	255.137085	6.191670	0.000000	-0.050189	-3.544243	-0.001725	-0.000170	-0.027068	2201.004028	0.784907	0.784907	5	0	5	3	13	1.814815	0.000000	5	0	54	49	38	5.206879	6.191670	255.137085	0.000000	44340	14.619189	21.607649	256x256	65536	sparse	Otsu	299	5	37	2961	32.828639	0.741726	27.523214	0.997723	0.811975	0.595053	10	10	0.000000	51	3010	33.352001	0.764965	0.998540	29.411726	0.493383	0.804152	665	31.596950	0.698808	0.996352	25.130527	0.581048	0.820200	-0.397109	0.001617	-2.398003	-0.052917	True	0.531682	30.438293	0.688963	27.132491	0.538528	0.849230	0.581211	27.500139	0.999126	HUMAN_3b_y768x768
HUMAN_4b_y512x256.png	0.488612	0.535342	0.697358	0.616955	0.801859	0.995444	26.720504	0.996239	29.689506	0.565740	0.908370	0.917920	29.689179	0.757772	10379	14	20	64	52	2.031169	1.428571	385	391	1886.106781	2.919258	0.000000	0.005109	-6.154860	-0.003292	-0.001893	0.013398	1854.258060	0.565740	0.565740	14	20	-6	64	52	2.031169	1.428571	14	20	385	391	269	4.823803	2.919258	1886.106781	0.000000	43836	4.223528	6.314288	256x256	65536	dense	Learned	1383	14	80	9880	35.313033	0.876273	32.841093	0.998131	0.552342	0.717376	33	111	0.000000	82	10324	37.336661	0.926871	0.998920	35.481222	0.602682	0.552213	248	21.616619	0.552629	0.952147	16.328364	0.940394	0.366125	-3.151588	0.190995	-5.623854	-0.118501	True	0.488952	29.695782	0.757817	29.696785	0.885441	0.812764	0.483503	32.875364	0.998736	HUMAN_4b_y512x256
HUMAN_4b_y512x512.png	0.369792	0.527860	0.690980	0.607059	0.801826	0.995759	24.262834	0.996628	28.926195	0.449537	0.838256	1.020052	25.973734	0.693934	13763	23	13	73	94	1.961014	0.565217	513	503	2373.949494	2.917586	0.000000	0.007621	-8.656027	-0.003412	-0.001999	0.014875	3407.560587	0.449537	0.449537	23	13	10	73	94	1.961014	0.565217	23	13	513	503	346	4.719581	2.917586	2373.949494	0.000000	45644	3.316428	4.761753	256x256	65536	dense	Learned	1792	23	81	13523	33.924868	0.885826	32.981298	0.998627	0.434662	0.619615	70	224	0.000000	81	13222	36.770318	0.948936	0.999238	35.537069	0.634747	0.433405	246	19.194403	0.461054	0.969698	15.640586	0.970103	0.366657	-4.055103	0.218641	-7.951134	-0.191891	True	0.369902	25.971808	0.693905	28.927674	0.901201	0.919272	0.362171	32.918861	0.999171	HUMAN_4b_y512x512
HUMAN_4b_y512x768.png	0.282327	0.532368	0.694831	0.599606	0.826012	0.998447	24.778801	0.998639	28.786485	0.362390	0.700572	1.538581	28.914358	0.768855	7360	17	2	19	49	1.880000	0.117647	250	235	1145.862048	2.460305	0.000000	-0.002918	-6.281137	-0.001107	-0.000597	-0.001208	1382.149696	0.362390	0.362390	17	2	15	19	49	1.880000	0.117647	17	2	250	235	182	4.876009	2.460305	1145.862048	0.000000	43381	5.894158	8.904348	256x256	65536	dense	Learned	992	17	73	7177	34.867621	0.862425	31.234690	0.999236	0.363597	0.578480	36	56	0.000000	79	7272	36.332111	0.898875	0.999505	33.716507	0.434959	0.360538	275	24.226765	0.646447	0.981312	16.944065	0.991348	0.275579	-2.448205	0.122092	-5.953262	-0.093569	True	0.279350	28.910808	0.769038	28.790273	0.619353	0.952924	0.285245	31.059938	0.999555	HUMAN_4b_y512x768
HUMAN_4b_y768x512.png	0.346368	0.384303	0.555229	0.755367	0.438932	0.988311	18.465649	0.998903	28.106783	0.297595	0.302324	0.721793	27.834045	0.706765	2911	10	0	3	23	1.615385	0.000000	52	42	195.267027	4.512777	0.000000	-0.116865	-11.375076	-0.010694	-0.000208	-0.011278	1733.890772	0.297595	0.297595	10	0	10	3	23	1.615385	0.000000	10	0	52	42	26	4.649215	4.512777	195.267027	0.000000	43006	14.773617	22.513226	256x256	65536	dense	Meijering	345	10	35	2875	33.832228	0.795218	29.092917	0.999111	0.308873	0.524672	16	4	0.000000	55	2852	34.055683	0.807504	0.999327	30.016908	0.547235	0.318377	3151	34.352919	0.801732	0.999690	33.696709	0.479213	0.308673	-0.986134	-0.222348	-5.998182	-0.088452	True	0.346175	27.837937	0.706911	28.110351	0.785619	0.567054	0.463233	29.840725	0.999005	HUMAN_4b_y768x512
HUMAN_4b_y768x768.png	0.231996	0.451644	0.622251	0.483180	0.873733	0.998056	23.084077	0.998272	29.048905	0.465917	0.609372	1.396152	33.142839	0.788309	1896	3	0	3	9	1.818182	0.000000	33	30	159.539105	6.599999	0.000000	-0.047680	-6.312208	-0.001765	-0.000060	-0.040989	1821.187735	0.465917	0.465917	3	0	3	3	9	1.818182	0.000000	3	0	33	30	21	5.317970	6.599999	159.539105	0.000000	41099	21.676688	34.565401	256x256	65536	sparse	Otsu	222	3	34	1876	35.350567	0.807698	29.441389	0.998332	0.506906	0.795666	5	3	0.000000	65	1882	35.835492	0.822239	0.998990	31.050807	0.563951	0.497190	4982	37.200567	0.857265	0.999783	37.866733	0.320444	0.521146	-0.392484	-0.186294	-2.207727	-0.019389	True	0.231833	33.142210	0.788457	29.060411	0.536060	0.748421	0.279676	29.396285	0.999821	HUMAN_4b_y768x768
