filename	gt_iou	seg_iou	seg_f1	seg_precision	seg_recall	gt_fg_ssim	gt_fg_psnr	ng_fg_ssim	ng_fg_psnr	ng_iou	ng_topo_q	topo_preservation	ng_psnr	ng_ssim	ng_bytes	graph_n_components	graph_n_cycles	graph_n_junctions	graph_n_endpoints	graph_mean_degree	graph_complexity	n_nodes	n_edges	total_edge_length	mean_width_px	mean_curvature	delta_gt_iou	delta_gt_fg_psnr	delta_gt_fg_ssim	delta_fg_ssim	delta_iou	total_time_ms	self_iou	ng_recon_iou	ng_n_components	ng_n_cycles	ng_euler_characteristic	ng_n_junctions	ng_n_endpoints	ng_mean_degree	ng_graph_complexity	ng_seg_beta_0	ng_seg_beta_1	graph_n_nodes	graph_n_edges	graph_n_sampled	graph_mean_edge_length	graph_mean_width	graph_total_edge_length	graph_mean_curvature	png_bytes	ng_vs_png	ng_vs_raw	image_shape	image_pixels	image_type	segmenter	n_points	n_structures	jpeg_quality	jpeg_bytes	jpeg_psnr	jpeg_ssim	jpeg_fg_psnr	jpeg_fg_ssim	jpeg_iou	jpeg_topo_q	jpeg_beta_0	jpeg_beta_1	jpeg_betti_preservation	webp_quality	webp_bytes	webp_psnr	webp_ssim	webp_fg_ssim	webp_fg_psnr	webp_topo_q	webp_iou	jp2_bytes	jp2_psnr	jp2_ssim	jp2_fg_ssim	jp2_fg_psnr	jp2_topo_q	jp2_iou	delta_fg_psnr	delta_topo_q	delta_psnr	delta_ssim	gt_available	pre_gt_iou	pre_ng_psnr	pre_ng_ssim	pre_ng_fg_psnr	gt_topology_q	recon_topology_q	jpeg_gt_iou	jpeg_gt_fg_psnr	jpeg_gt_fg_ssim	stem
MITO_M2_001_y256x0.png	0.000000	0.107934	0.194839	0.108022	0.992488	0.999451	39.532795	0.990520	37.917931	0.013151	0.534789	0.120767	37.517588	0.946703	5922	19	0	16	54	1.791209	0.000000	182	163	812.381818	5.711724	0.000000	0.000000	-5.107560	-0.000368	-0.007358	0.001194	12677.522421	0.013151	0.013151	19	0	19	16	54	1.791209	0.000000	19	0	182	163	112	4.983938	5.711724	812.381818	0.000000	21826	3.685579	11.066532	256x256	65536	sparse	Otsu	958	19	93	5453	49.135319	0.987280	45.810808	0.997878	0.011957	0.034395	4	0	0.605263	97	4968	49.643359	0.987225	0.998376	47.183149	0.034395	0.011650	339	35.210193	0.796220	0.971093	29.321751	0.032784	0.017374	-7.892877	0.500394	-11.617731	-0.040578	True	0.000000	37.539797	0.948500	37.931957	0.680181	0.082144	0.000000	44.640355	0.999819	MITO_M2_001_y256x0
MITO_M2_001_y256x256.png	0.000000	0.192100	0.322288	0.358811	0.292514	0.984109	27.924567	0.997304	33.614936	0.198939	0.198818	0.105020	31.757737	0.823300	3775	24	0	4	52	1.466667	0.000000	90	66	272.651804	4.305206	0.000000	0.000000	-12.575944	-0.014489	-0.001782	0.000206	2275.892735	0.198939	0.198939	24	0	24	4	52	1.466667	0.000000	24	0	90	66	34	4.131088	4.305206	272.651804	0.000000	31813	8.427285	17.360530	256x256	65536	dense	Meijering	448	24	58	3762	42.187864	0.964055	37.290565	0.999087	0.198733	0.071835	11	0	0.729167	86	3710	42.917857	0.967600	0.999356	39.395432	0.071328	0.199102	537	31.483620	0.825867	0.989684	24.486175	0.069934	0.217666	-3.675629	0.126983	-10.430128	-0.140755	True	0.000000	31.762207	0.823479	33.631788	0.665916	0.069934	0.000000	40.500511	0.998598	MITO_M2_001_y256x256
MITO_M2_001_y256x512.png	0.000000	0.012845	0.025364	0.049583	0.017041	0.986598	28.812271	0.999225	32.534821	0.295533	0.150126	0.091028	29.608040	0.779762	2565	15	1	1	30	1.282051	0.066667	39	25	119.426407	4.535461	0.000000	-0.001356	-8.661917	-0.009932	0.000082	-0.019980	1471.425772	0.295533	0.295533	15	1	14	1	30	1.282051	0.066667	15	0	39	25	8	4.777056	4.535461	119.426407	0.000000	33541	13.076413	25.550097	256x256	65536	dense	Meijering	287	15	24	2537	37.998025	0.923706	31.789629	0.999142	0.315513	0.046866	25	0	0.666667	71	2560	40.134136	0.949666	0.999555	34.458992	0.047306	0.315366	3558	41.786664	0.961658	0.999832	39.297270	0.048039	0.314163	0.745193	0.103259	-8.389985	-0.143943	True	0.000000	29.611369	0.779782	32.558579	0.671538	0.061129	0.001356	37.474188	0.996530	MITO_M2_001_y256x512
MITO_M2_001_y512x0.png	0.000000	0.080620	0.149210	0.317252	0.097544	0.973630	29.385899	0.998625	32.445519	0.279429	0.191728	0.073444	32.932321	0.848383	2417	14	0	1	29	1.428571	0.000000	49	35	151.568542	4.931279	0.000000	0.000000	-9.660290	-0.022256	-0.000540	-0.002702	1568.283319	0.279429	0.279429	14	0	14	1	29	1.428571	0.000000	14	0	49	35	19	4.330530	4.931279	151.568542	0.000000	30423	12.587091	27.114605	256x256	65536	sparse	Meijering	208	14	32	2373	40.346608	0.946896	33.156940	0.999166	0.282130	0.056140	9	0	0.821429	82	2380	42.749237	0.964656	0.999634	37.362942	0.060326	0.282130	3927	44.082556	0.971315	0.999816	41.951797	0.054041	0.278657	-0.711421	0.135588	-7.414287	-0.098513	True	0.000000	32.940925	0.848520	32.475346	0.792923	0.058235	0.000000	39.046189	0.995885	MITO_M2_001_y512x0
MITO_M2_001_y512x256.png	0.003958	0.089973	0.165092	0.377801	0.105624	0.977592	28.638832	0.998002	31.939621	0.380928	0.180614	0.111636	29.184755	0.773824	4441	25	2	5	52	1.432099	0.080000	81	58	256.066017	4.394430	0.000000	-0.005512	-10.722209	-0.018600	-0.001160	0.007961	2618.541002	0.380928	0.380928	25	2	23	5	52	1.432099	0.080000	25	1	81	58	24	4.414931	4.394430	256.066017	0.000000	35791	8.059221	14.757037	256x256	65536	dense	Meijering	573	25	56	4409	40.186118	0.952578	35.813819	0.999162	0.372967	0.064493	30	0	0.400000	84	4344	40.811180	0.954898	0.999520	38.444320	0.081841	0.375143	466	28.020870	0.756940	0.987888	20.926274	0.821908	0.159555	-3.874198	0.116121	-11.001362	-0.178754	True	0.003958	29.183780	0.773851	31.958458	0.590844	0.065959	0.009470	39.361041	0.996191	MITO_M2_001_y512x256
MITO_M2_001_y512x512.png	0.295062	0.292122	0.452158	0.335704	0.692321	0.984748	29.909112	0.989044	35.785982	0.434253	0.638050	0.873897	31.809489	0.844286	17589	64	23	130	216	1.901679	0.359375	834	793	3636.953678	3.472215	0.000000	0.005020	-13.662934	-0.014005	-0.008575	0.000937	3323.359966	0.434253	0.434253	64	23	41	130	216	1.901679	0.359375	64	21	834	793	488	4.586322	3.472215	3636.953678	0.000000	36150	2.055262	3.725965	256x256	65536	dense	Learned	2258	64	94	15451	44.281959	0.976810	43.687126	0.997619	0.433316	0.373466	143	143	0.000000	97	17032	47.228644	0.988445	0.998912	47.080842	0.345784	0.418271	241	24.135976	0.674291	0.921237	21.774779	0.999999	0.354504	-7.901143	0.264584	-12.472471	-0.132524	True	0.294165	31.820752	0.844410	35.800424	0.559568	0.489005	0.290042	43.572046	0.998753	MITO_M2_001_y512x512
MITO_M2_002_y0x0.png	0.075832	0.117253	0.209895	0.118774	0.901565	0.999312	35.631887	0.993416	39.748554	0.400026	0.811187	2.497215	41.374204	0.957370	7405	20	10	65	88	1.950739	0.500000	406	396	1853.236724	3.388843	0.000000	0.005439	-9.656007	-0.000574	-0.004902	0.015914	2795.583010	0.400026	0.400026	20	10	10	65	88	1.950739	0.500000	20	9	406	396	253	4.679891	3.388843	1853.236724	0.000000	24518	3.311006	8.850236	256x256	65536	sparse	Learned	1090	20	94	7050	48.502164	0.986076	46.344850	0.998318	0.384112	0.614064	48	92	0.000000	97	5422	48.580169	0.983778	0.998446	47.203980	0.702714	0.384740	275	35.843751	0.857869	0.983585	32.328661	0.999943	0.361560	-6.596296	0.197123	-7.127959	-0.028706	True	0.075948	41.408803	0.961449	39.758802	0.364191	0.909463	0.070393	45.287894	0.999886	MITO_M2_002_y0x0
MITO_M2_002_y0x256.png	0.117599	0.000736	0.001471	0.012097	0.000783	0.995629	27.211377	0.999950	28.179559	0.008470	0.134978	2.059003	23.172324	0.740914	1366	4	0	0	8	1.111111	0.000000	9	5	28.313708	3.041841	0.000000	-0.014440	1.976812	0.003527	0.000149	-0.001341	777.812958	0.008470	0.008470	4	0	4	0	8	1.111111	0.000000	4	0	9	5	1	5.662742	3.041841	28.313708	0.000000	34860	25.519766	47.976574	256x256	65536	dense	Frangi	221	4	3	1310	25.836302	0.609788	22.119056	0.999801	0.009811	0.997648	8	65	0.000000	21	1364	35.862141	0.930416	0.999955	28.247588	0.693948	0.012993								6.060503	-0.862670	-2.663978	0.131126	True	0.117924	23.173356	0.740900	28.197669	0.470305	0.968360	0.132040	25.234565	0.992102	MITO_M2_002_y0x256
MITO_M2_002_y0x512.png	0.005384	0.020474	0.040127	0.026173	0.085945	0.995138	26.924425	0.997129	31.720008	0.686168	0.431745	0.842340	25.559151	0.817873	7394	27	0	21	75	1.730000	0.000000	200	173	849.494516	5.808816	0.000000	-0.001963	-13.216204	-0.004483	-0.001732	0.021919	4648.509502	0.686168	0.686168	27	0	27	21	75	1.730000	0.000000	27	0	200	173	104	4.910373	5.808816	849.494516	0.000000	37188	5.029483	8.863403	256x256	65536	sparse	Otsu	627	27	77	7255	40.919565	0.975045	36.876537	0.998860	0.664249	0.173661	80	1	0.000000	88	7034	41.973416	0.975142	0.999269	39.525052	0.184538	0.665317	279	17.927428	0.500499	0.899412	11.847370	0.999987	0.318040	-5.156529	0.258084	-15.360414	-0.157172	True	0.005372	25.561148	0.818098	31.799569	0.381779	0.321588	0.007346	40.140629	0.999622	MITO_M2_002_y0x512
MITO_M2_002_y256x0.png	0.114513	0.000000	0.000000	0.000000	0.000000	0.995693	29.989159	0.999980	24.671522	0.002831	0.164730	1.540146	29.989611	0.857403	556	1	0	0	2	1.600000	0.000000	5	4	9.242641	2.129118	0.000000						562.040567	0.002831	0.002831	1	0	1	0	2	1.600000	0.000000	1	0	5	4	3	2.310660	2.129118	9.242641	0.000000	30139	54.206835	117.870504	256x256	65536	dense	Frangi	48	1												4	540	36.419709	0.921353	0.999984	20.897615	0.458973	0.004053												True	0.115016	29.995858	0.857598	24.662340	0.544088	0.837974				MITO_M2_002_y256x0
MITO_M2_002_y256x256.png	0.146110	0.000250	0.000499	0.014286	0.000254	0.993915	28.757794	0.999997	31.634021	0.004045	0.039211	1.496704	25.390934	0.801680	626	1	0	0	2	1.000000	0.000000	2	1	1.000000	3.250000	0.000000						493.968010	0.004045	0.004045	1	0	1	0	2	1.000000	0.000000	1	0	2	1	0	1.000000	3.250000	1.000000	0.000000	33326	53.236422	104.690096	256x256	65536	sparse	Frangi	67	1																															True	0.146409	25.390442	0.801786	31.646093	0.519054	0.776870				MITO_M2_002_y256x256
MITO_M2_002_y256x512.png	0.003218	0.026375	0.051395	0.043165	0.063501	0.995961	28.315474	0.998971	31.373976	0.465260	0.205025	0.226046	24.625677	0.757468	5049	36	0	4	76	1.437500	0.000000	128	92	432.090404	4.196510	0.000000	-0.000410	-10.472021	-0.003605	-0.000581	0.043371	2318.485498	0.465260	0.465260	36	0	36	4	76	1.437500	0.000000	36	0	128	92	48	4.696635	4.196510	432.090404	0.000000	38273	7.580313	12.979996	256x256	65536	sparse	Meijering	419	36	48	5013	38.934005	0.956197	34.244230	0.999553	0.421889	0.080844	107	0	0.013889	80	4786	39.791857	0.961727	0.999643	35.729302	0.075157	0.422081	391	20.420089	0.610329	0.957092	12.811775	0.471428	0.256884	-2.870254	0.124181	-14.308328	-0.198729	True	0.003048	24.625402	0.757451	31.382552	0.384303	0.086870	0.003628	38.787495	0.999566	MITO_M2_002_y256x512
MITO_M2_002_y512x0.png	0.116214	0.060383	0.113889	0.111051	0.116876	0.995453	29.718292	0.999046	33.467781	0.241348	0.163058	1.034369	32.112039	0.865742	3393	30	0	1	61	1.285714	0.000000	84	54	269.722871	4.091485	0.000000	-0.067606	-10.023160	-0.004000	-0.000476	0.033695	1721.784353	0.241348	0.241348	30	0	30	1	61	1.285714	0.000000	30	0	84	54	22	4.994868	4.091485	269.722871	0.000000	32746	9.651046	19.315060	256x256	65536	sparse	Meijering	295	30	51	3359	41.416883	0.960725	35.470802	0.999522	0.207652	0.530203	44	32	0.000000	84	3210	42.274916	0.965836	0.999631	37.285312	0.455257	0.209881	592	30.594439	0.842550	0.990124	21.624285	0.697756	0.197717	-2.003021	-0.367145	-9.304845	-0.094983	True	0.137410	32.109495	0.866338	33.471458	0.430864	0.445673	0.183820	39.741452	0.999453	MITO_M2_002_y512x0
MITO_M2_002_y512x256.png	0.140416	0.005776	0.011485	0.202312	0.005910	0.992716	28.578105	0.999935	28.082871	0.017606	0.244216	1.156778	24.419516	0.747642	1038	1	0	0	2	1.500000	0.000000	4	3	13.828427	4.492546	0.000000						665.148735	0.017606	0.017606	1	0	1	0	2	1.500000	0.000000	1	0	4	3	2	4.609476	4.492546	13.828427	0.000000	35092	33.807322	63.136802	256x256	65536	dense	Frangi	166	1												7	1014	34.684979	0.906034	0.999893	24.496532	0.283469	0.017255												True	0.140872	24.418925	0.747866	28.085469	0.572072	0.661760				MITO_M2_002_y512x256
MITO_M2_002_y512x512.png	0.183478	0.266485	0.420826	0.301626	0.695799	0.995503	31.707519	0.993219	35.767714	0.480911	0.727468	1.588225	32.359010	0.880268	6791	14	1	27	53	1.887446	0.071429	231	218	1027.891486	6.397883	0.000000	-0.012539	-10.752156	-0.004125	-0.004406	0.004551	3692.485094	0.480911	0.480911	14	1	13	27	53	1.887446	0.071429	14	1	231	218	151	4.715099	6.397883	1027.891486	0.000000	32353	4.764100	9.650420	256x256	65536	sparse	Otsu	702	14	86	6724	44.274727	0.976961	41.409149	0.997625	0.476360	0.814177	27	44	0.000000	92	6554	44.394921	0.976759	0.997660	41.928512	0.697599	0.475041	279	24.312404	0.654286	0.922510	18.936504	0.999946	0.411738	-5.641435	-0.086709	-11.915717	-0.096693	True	0.183477	32.370206	0.880688	35.800878	0.590236	0.937427	0.196017	42.459675	0.999627	MITO_M2_002_y512x512
MITO_M2_003_y0x256.png	0.169893	0.110036	0.198257	0.110552	0.959325	0.998899	32.441390	0.981228	34.799743	0.492909	0.638828	1.311349	29.271595	0.844143	10416	25	1	29	78	1.846645	0.040000	313	289	1428.182900	6.392321	0.000000	0.035186	-8.425084	-0.000954	-0.012816	-0.052567	12743.646622	0.492909	0.492909	25	1	24	29	78	1.846645	0.040000	25	1	313	289	206	4.941809	6.392321	1428.182900	0.000000	34698	3.331221	6.291859	256x256	65536	sparse	Otsu	1399	25	91	10170	42.998106	0.965700	41.498662	0.994043	0.545476	0.321352	115	67	0.000000	93	9822	44.082426	0.973339	0.995802	42.869912	0.319252	0.544283	248	27.350898	0.676825	0.921781	24.155543	0.939594	0.423242	-6.698919	0.317476	-13.726512	-0.121557	True	0.169848	29.259171	0.844314	34.793974	0.417252	0.547163	0.134708	40.866475	0.999853	MITO_M2_003_y0x256
MITO_M2_003_y0x512.png	0.145167	0.003378	0.006734	0.068862	0.003540	0.986582	24.184329	0.999871	26.258850	0.014948	0.164730	1.561563	22.838317	0.658739	1436	4	0	0	8	1.272727	0.000000	11	7	34.071068	3.166522	0.000000	-0.012496	-2.505462	-0.002430	0.000123	-0.016061	778.861046	0.014948	0.014948	4	0	4	0	8	1.272727	0.000000	4	0	11	7	3	4.867295	3.166522	34.071068	0.000000	40192	27.988858	45.637883	256x256	65536	dense	Frangi	229	4	4	1377	27.619595	0.687152	22.208770	0.999749	0.031009	0.503698	35	26	0.000000	15	1436	34.266902	0.860389	0.999937	28.496602	0.405158	0.021705								4.050080	-0.338969	-4.781278	-0.028413	True	0.144502	22.837503	0.658671	26.254426	0.503782	0.786688	0.157663	26.689791	0.989012	MITO_M2_003_y0x512
MITO_M2_003_y256x256.png	0.076352	0.132611	0.234169	0.133789	0.937739	0.999334	31.484801	0.993069	35.709991	0.358448	0.764018	1.888742	33.930751	0.869697	10573	29	9	72	113	1.924812	0.310345	532	512	2439.748484	3.182392	0.000000	0.000164	-8.921717	-0.000529	-0.004613	0.005611	2423.315763	0.358448	0.358448	29	9	20	72	113	1.924812	0.310345	30	8	532	512	347	4.765134	3.182392	2439.748484	0.000000	35893	3.394779	6.198430	256x256	65536	sparse	Learned	1310	30	90	9891	42.276757	0.960092	41.011593	0.997682	0.352837	0.560293	85	153	0.000000	92	9294	43.429040	0.969320	0.998369	42.589015	0.466520	0.348585	243	25.354399	0.682272	0.957054	22.159573	0.977629	0.277201	-5.301602	0.203725	-8.346006	-0.090395	True	0.076398	33.932302	0.869810	35.715835	0.393469	0.743162	0.076188	40.406519	0.999863	MITO_M2_003_y256x256
MITO_M2_003_y256x512.png	0.044324	0.000000	0.000000	0.000000	0.000000	0.995212	25.870040	0.999955	27.194865	0.035604	0.142156	0.884818	24.358848	0.660957	1243	3	0	0	6	1.142857	0.000000	7	4	21.656854	3.121729	0.000000						599.978685	0.035604	0.035604	3	0	3	0	6	1.142857	0.000000	3	0	7	4	1	5.414214	3.121729	21.656854	0.000000	40576	32.643604	52.724055	256x256	65536	dense	Frangi	201	3												12	1230	33.827868	0.842138	0.999965	28.052038	0.269215	0.039205												True	0.044103	24.362193	0.660952	27.255344	0.555698	0.491691				MITO_M2_003_y256x512
MITO_M2_003_y512x0.png	0.144699	0.000000	0.000000	0.000000	0.000000	0.978514	25.535767	0.999984	28.556880	0.001239	0.164730	1.147738	25.809227	0.729636	477	1	0	1	3	1.500000	0.000000	4	3	8.828427	2.206299	0.000000						484.786510	0.001239	0.001239	1	0	1	1	3	1.500000	0.000000	1	0	4	3	0	2.942809	2.206299	8.828427	0.000000	36276	76.050314	137.392034	256x256	65536	sparse	Frangi	33	1																															True	0.143427	25.811787	0.729722	28.567054	0.669341	0.768228				MITO_M2_003_y512x0
MITO_M2_003_y512x256.png	0.085458	0.133395	0.235390	0.191570	0.305203	0.995567	26.785734	0.998208	32.113084	0.243477	0.217177	1.162540	30.477151	0.772614	4815	33	1	3	68	1.452991	0.030303	117	85	424.433550	4.251065	0.000000	-0.018171	-11.173398	-0.004075	-0.000976	-0.004951	2072.636604	0.243477	0.243477	33	1	32	3	68	1.452991	0.030303	33	0	117	85	46	4.993336	4.251065	424.433550	0.000000	38397	7.974455	13.610800	256x256	65536	dense	Meijering	511	33	62	4743	39.073510	0.933254	35.365806	0.999184	0.248428	0.634194	46	56	0.000000	82	4768	39.349639	0.934853	0.999274	36.699784	0.573376	0.256588	403	26.612727	0.722861	0.984238	19.258071	0.808844	0.222109	-3.252722	-0.417017	-8.596359	-0.160641	True	0.085284	30.471612	0.772677	32.114552	0.632686	0.735523	0.103629	37.959132	0.999642	MITO_M2_003_y512x256
MITO_M2_004_y0x0.png	0.176447	0.064454	0.121102	0.064737	0.936458	0.997875	27.138387	0.985464	37.491974	0.312692	0.964027	0.670436	34.760499	0.956361	10212	12	21	84	69	2.038298	1.750000	470	479	2263.197185	3.496710	0.000000	0.122016	-20.628124	-0.002057	-0.012829	-0.197946	6594.479084	0.312692	0.312692	12	21	-9	84	69	2.038298	1.750000	12	19	470	479	317	4.724838	3.496710	2263.197185	0.000000	18921	1.852820	6.417548	256x256	65536	sparse	Learned	1733	12	97	9805	51.436402	0.992774	48.863538	0.998292	0.510638	0.470699	142	328	0.000000	100	6502	51.431582	0.991857	0.998136	49.046907	0.533063	0.481664	248	31.998866	0.611757	0.949340	29.815028	0.824480	0.197059	-11.371563	0.493329	-16.675903	-0.036413	True	0.176518	34.765451	0.957590	37.498165	0.547666	0.367175	0.054431	47.766511	0.999932	MITO_M2_004_y0x0
MITO_M2_004_y0x512.png	0.005077	0.041261	0.079252	0.105683	0.063397	0.988718	29.399325	0.998878	33.624035	0.318077	0.137903	0.094019	30.507766	0.819742	3871	31	0	0	62	1.234568	0.000000	81	50	228.823376	4.493873	0.000000	-0.230882	-10.527501	-0.009828	-0.000492	0.059286	1546.876669	0.318077	0.318077	31	0	31	0	62	1.234568	0.000000	31	0	81	50	19	4.576468	4.493873	228.823376	0.000000	33756	8.720227	16.929992	256x256	65536	dense	Meijering	368	31	47	3818	40.648883	0.956025	35.345678	0.999370	0.258791	0.300105	63	25	0.000000	82	3688	41.566971	0.962613	0.999503	36.681025	0.283295	0.258826	540	27.953525	0.776158	0.983538	20.045055	0.409205	0.261959	-1.721643	-0.162203	-10.141118	-0.136283	True	0.005208	30.513125	0.819686	33.648241	0.589002	0.055377	0.235960	39.926826	0.998546	MITO_M2_004_y0x512
MITO_M2_004_y256x0.png	0.105248	0.025248	0.049253	0.025338	0.877686	0.999690	38.263696	0.981475	37.209497	0.121147	0.981244	0.403484	33.183011	0.924203	14905	16	30	151	128	2.036458	1.875000	768	782	3624.681600	3.351669	0.000000	0.036989	-8.279496	-0.000263	-0.015985	-0.194446	7661.320686	0.121147	0.121147	16	30	-14	151	128	2.036458	1.875000	16	31	768	782	489	4.635143	3.351669	3624.681600	0.000000	27906	1.872258	4.396914	256x256	65536	sparse	Learned	2232	16	96	12662	48.538479	0.987847	47.471087	0.997459	0.315593	0.190969	146	47	0.000000	100	12020	49.704336	0.989954	0.998254	49.290427	0.236976	0.408079	247	28.023756	0.703026	0.916725	24.887732	0.979859	0.323721	-10.261589	0.790275	-15.355468	-0.063644	True	0.106137	33.184165	0.925131	37.212620	0.483149	0.194943	0.068259	46.543193	0.999953	MITO_M2_004_y256x0
MITO_M2_004_y256x256.png	0.169515	0.000000	0.000000	0.000000	0.000000	0.984043	23.792888	0.999978	28.111620	0.010900	0.058235	0.965299	21.344156	0.752233	707	1	0	0	2	1.000000	0.000000	2	1	2.828427	4.500000	0.000000						468.503952	0.010900	0.010900	1	0	1	0	2	1.000000	0.000000	1	0	2	1	0	2.828427	4.500000	2.828427	0.000000	32926	46.571429	92.695898	256x256	65536	dense	Frangi	99	1																															True	0.167716	21.344981	0.752625	28.075554	0.573119	0.553231				MITO_M2_004_y256x256
MITO_M2_004_y256x512.png	0.264751	0.000000	0.000000	0.000000	0.000000	0.992597	24.844083	0.999972	27.893189	0.009622	0.244216	1.567780	22.253910	0.787759	897	1	0	0	2	1.600000	0.000000	5	4	15.485281	3.550028	0.000000						668.433428	0.009622	0.009622	1	0	1	0	2	1.600000	0.000000	1	0	5	4	3	3.871320	3.550028	15.485281	0.000000	33376	37.208473	73.061315	256x256	65536	dense	Frangi	144	1												6	894	34.967059	0.931762	0.999920	23.557879	0.130207	0.054278												True	0.264756	22.253470	0.787910	27.884772	0.625189	0.980159				MITO_M2_004_y256x512
MITO_M2_004_y512x0.png	0.000000	0.000000	0.000000	0.000000	0.000000	0.998836	30.970281	0.999911	32.326435	0.595588	0.127157	0.123169	30.730347	0.907890	1043	5	0	0	10	1.000000	0.000000	10	5	31.899495	3.642522	0.000000						608.413219	0.595588	0.595588	5	0	5	0	10	1.000000	0.000000	5	0	10	5	0	6.379899	3.642522	31.899495	0.000000	25744	24.682646	62.834132	256x256	65536	sparse	Otsu	134	5												68	1022	43.354822	0.966568	0.999940	32.782023	0.033956	0.474606												True	0.000000	30.735494	0.909630	32.323126	0.411395	0.050671				MITO_M2_004_y512x0
MITO_M2_004_y512x256.png	0.077221	0.090529	0.166027	0.216660	0.134577	0.986561	27.771228	0.998704	31.787278	0.587573	0.225084	0.277567	28.112766	0.829706	4953	32	1	6	68	1.500000	0.031250	124	93	425.048773	4.168966	0.000000	-0.016267	-11.606280	-0.011698	-0.000816	0.031320	2432.009220	0.587573	0.587573	32	1	31	6	68	1.500000	0.031250	32	1	124	93	50	4.570417	4.168966	425.048773	0.000000	35354	7.137896	13.231577	256x256	65536	sparse	Meijering	422	32	64	4874	41.027921	0.968331	35.656024	0.999521	0.556253	0.139443	57	0	0.109375	86	4712	41.880710	0.970707	0.999666	37.845853	0.141687	0.555132	408	22.703416	0.715411	0.962199	14.183062	0.748107	0.289084	-3.868746	0.085640	-12.915155	-0.138625	True	0.077890	28.117537	0.829849	31.804559	0.665388	0.184689	0.093487	39.377508	0.998259	MITO_M2_004_y512x256
MITO_M2_004_y512x512.png	0.023075	0.181480	0.307207	0.188248	0.834642	0.994449	28.603856	0.986761	37.558201	0.036630	0.798226	0.224446	34.344459	0.922071	16651	33	17	93	129	1.951220	0.515152	656	640	2956.927199	3.324296	0.000000	0.016337	-18.057703	-0.005230	-0.011267	0.005835	9169.929743	0.036630	0.036630	33	17	16	93	129	1.951220	0.515152	33	18	656	640	434	4.620199	3.324296	2956.927199	0.000000	29751	1.786740	3.935860	256x256	65536	dense	Learned	2906	33	96	14029	48.067060	0.986931	47.337244	0.998028	0.030796	0.070709	18	0	0.272727	100	13834	49.556735	0.990595	0.998624	49.272848	0.070709	0.030742	249	25.297125	0.756424	0.914349	21.771740	0.610932	0.089482	-9.779042	0.727517	-13.722600	-0.064860	True	0.022871	34.354358	0.922219	37.568432	0.526799	0.118238	0.006738	46.661559	0.999680	MITO_M2_004_y512x512
MITO_M2_005_y0x256.png	0.251496	0.195625	0.327235	0.202315	0.855407	0.996362	27.573785	0.988000	32.889295	0.430111	0.996891	0.901950	28.343352	0.796920	19522	12	20	149	139	2.018957	1.666667	844	852	3973.825827	3.671926	0.000000	-0.002149	-11.470095	-0.003225	-0.008698	0.001113	3989.629269	0.430111	0.430111	12	20	-8	149	139	2.018957	1.666667	12	20	844	852	556	4.664115	3.671926	3973.825827	0.000000	41986	2.150702	3.357033	256x256	65536	dense	Learned	2515	12	92	18215	40.223917	0.966953	39.569232	0.996698	0.428998	0.501008	91	159	0.000000	94	18504	44.409636	0.987619	0.998854	43.957501	0.531077	0.429486	250	19.997935	0.452276	0.898789	18.491718	0.999963	0.325698	-6.679937	0.495883	-11.880565	-0.170033	True	0.251485	28.346704	0.796956	32.902355	0.671264	0.605446	0.253645	39.043880	0.999587	MITO_M2_005_y0x256
MITO_M2_005_y256x256.png	0.201041	0.005871	0.011673	0.062718	0.006435	0.992038	18.979122	0.999912	27.392857	0.022663	0.355964	1.334098	23.486567	0.745029	1141	1	0	1	3	1.666667	0.000000	6	5	24.727922	4.720887	0.000000						740.542650	0.022663	0.022663	1	0	1	1	3	1.666667	0.000000	1	0	6	5	2	4.945584	4.720887	24.727922	0.000000	37316	32.704645	57.437336	256x256	65536	dense	Frangi	218	1												17	1130	34.755178	0.904841	0.999918	28.087740	0.501549	0.029155												True	0.200885	23.489248	0.745987	27.401878	0.597476	0.797091				MITO_M2_005_y256x256
MITO_M2_005_y256x512.png	0.124969	0.044798	0.085754	0.338798	0.049089	0.993236	19.327584	0.999905	28.573208	0.018250	0.234072	1.350628	23.233100	0.661116	1384	3	0	0	6	1.500000	0.000000	12	9	40.727922	3.541653	0.000000	-0.082441	-5.652504	-0.004213	0.000210	-0.012890	816.756725	0.018250	0.018250	3	0	3	0	6	1.500000	0.000000	3	0	12	9	6	4.525325	3.541653	40.727922	0.000000	40025	28.919798	47.352601	256x256	65536	dense	Frangi	235	3	4	1375	27.664362	0.695938	21.795181	0.999695	0.031141	0.580036	29	12	0.000000	13	1378	33.987360	0.878258	0.999912	27.268470	0.601162	0.027065								6.778027	-0.345964	-4.431262	-0.034822	True	0.125006	23.235616	0.661320	28.601532	0.676505	0.913706	0.207410	24.980088	0.997449	MITO_M2_005_y256x512
MITO_M2_005_y512x512.png	0.259643	0.000000	0.000000	0.000000	0.000000	0.984416	20.535914	0.999984	27.030825	0.002193	0.113080	1.189765	20.373999	0.485128	585	1	0	0	2	1.000000	0.000000	2	1	5.414214	3.098713	0.000000						487.467051	0.002193	0.002193	1	0	1	0	2	1.000000	0.000000	1	0	2	1	0	5.414214	3.098713	5.414214	0.000000	43271	73.967521	112.027350	256x256	65536	dense	Frangi	55	1																															True	0.260046	20.372306	0.485079	26.950566	0.824480	0.980937				MITO_M2_005_y512x512
MITO_M2_006_y0x256.png	0.300257	0.311850	0.475436	0.325870	0.878766	0.994481	31.346361	0.989842	34.151842	0.404502	0.692025	0.793153	29.201083	0.806083	17972	52	23	107	169	1.925641	0.442308	780	751	3504.941484	3.378433	0.000000	0.000383	-9.498896	-0.004668	-0.007668	0.010927	4155.640841	0.404502	0.404502	52	23	29	107	169	1.925641	0.442308	53	20	780	751	504	4.667033	3.378433	3504.941484	0.000000	40182	2.235811	3.646561	256x256	65536	dense	Learned	2378	53	93	17757	41.748831	0.972984	41.113674	0.997511	0.393575	0.330999	132	125	0.000000	95	17640	45.150761	0.988075	0.998947	44.740216	0.344039	0.398907	245	20.016839	0.495135	0.873268	17.725456	0.939795	0.225196	-6.961831	0.361026	-12.547748	-0.166901	True	0.300212	29.209082	0.806472	34.168082	0.484181	0.384030	0.299875	40.845257	0.999149	MITO_M2_006_y0x256
MITO_M2_006_y0x512.png	0.132262	0.000000	0.000000	0.000000	0.000000	0.991083	21.726855	0.999987	28.742275	0.003006	0.164730	2.130430	21.115188	0.506005	709	1	0	0	2	1.333333	0.000000	3	2	8.828427	3.395022	0.000000						524.548292	0.003006	0.003006	1	0	1	0	2	1.333333	0.000000	1	0	3	2	1	4.414214	3.395022	8.828427	0.000000	42461	59.888575	92.434415	256x256	65536	dense	Frangi	82	1																															True	0.132505	21.116540	0.506170	28.737744	0.469181	0.999556				MITO_M2_006_y0x512
MITO_M2_006_y256x256.png	0.165858	0.160060	0.275951	0.166928	0.795522	0.997332	29.004825	0.991481	34.185772	0.355743	0.765643	0.691673	29.891022	0.824157	17849	44	17	110	164	1.929779	0.386364	769	742	3646.316159	3.224922	0.000000	0.004687	-12.004402	-0.002393	-0.006447	0.009239	3132.103443	0.355743	0.355743	44	17	27	110	164	1.929779	0.386364	44	17	769	742	495	4.914173	3.224922	3646.316159	0.000000	40453	2.266401	3.671690	256x256	65536	dense	Learned	2350	44	93	17517	41.676358	0.969584	41.173675	0.997928	0.346504	0.301513	155	120	0.000000	94	16784	44.683720	0.985623	0.999030	44.256383	0.289290	0.349683	250	21.793356	0.544054	0.915992	19.546980	0.919540	0.252621	-6.987903	0.464130	-11.785336	-0.145427	True	0.165877	29.889721	0.824133	34.206063	0.408814	0.282766	0.161172	41.009227	0.999725	MITO_M2_006_y256x256
MITO_M2_006_y256x512.png	0.303970	0.006520	0.012955	0.294118	0.006623	0.986096	23.840525	0.999967	29.202744	0.008016	0.086069	1.047855	24.304051	0.622108	1109	2	0	0	4	1.000000	0.000000	4	2	7.414214	4.370356	0.000000						561.245441	0.008016	0.008016	2	0	2	0	4	1.000000	0.000000	2	0	4	2	0	3.707107	4.370356	7.414214	0.000000	40254	36.297565	59.094680	256x256	65536	dense	Frangi	174	2												3	1054	32.268688	0.834671	0.999929	24.436065	0.635927	0.008386												True	0.303951	24.303284	0.622123	29.183639	0.909584	0.953112				MITO_M2_006_y256x512
MITO_M2_006_y512x256.png	0.352060	0.433264	0.604583	0.456909	0.893302	0.995449	31.036479	0.983837	33.625411	0.682476	0.802431	1.086884	29.381609	0.829272	8762	12	1	24	46	1.898148	0.083333	216	205	1094.548340	8.013413	0.000000	0.021734	-7.047277	-0.003447	-0.008757	0.053352	10706.853151	0.682476	0.682476	12	1	11	24	46	1.898148	0.083333	12	1	216	205	146	5.339260	8.013413	1094.548340	0.000000	37284	4.255193	7.479571	256x256	65536	sparse	Otsu	1049	12	86	8618	40.691825	0.958459	38.166820	0.992593	0.629125	0.605239	38	33	0.000000	90	8618	42.012521	0.968425	0.995311	40.016153	0.605288	0.626965	246	22.743249	0.499304	0.896545	19.861594	0.999714	0.504543	-4.541409	0.197192	-11.310216	-0.129187	True	0.351740	29.391048	0.830286	33.633014	0.801854	0.871522	0.330326	38.083757	0.998896	MITO_M2_006_y512x256
MITO_M2_006_y512x512.png	0.059986	0.071822	0.134018	0.073526	0.756055	0.998757	30.815348	0.992202	34.610181	0.631000	0.632937	1.707767	32.465638	0.866572	6633	18	1	21	56	1.842593	0.055556	216	199	1004.121933	6.194652	0.000000	-0.004836	-7.454017	-0.001144	-0.003850	-0.011086	4117.923737	0.631000	0.631000	18	1	17	21	56	1.842593	0.055556	18	0	216	199	139	5.045839	6.194652	1004.121933	0.000000	34697	5.230966	9.880295	256x256	65536	sparse	Otsu	707	18	84	6631	41.758522	0.962718	38.445860	0.996052	0.642085	0.417480	51	28	0.000000	90	6518	42.531695	0.968548	0.997329	39.983637	0.360752	0.641431	278	24.338457	0.516791	0.923302	19.120110	0.988817	0.477626	-3.835679	0.215457	-9.292884	-0.096146	True	0.059964	32.476342	0.867527	34.647986	0.319549	0.545716	0.064822	38.269365	0.999901	MITO_M2_006_y512x512
MITO_M2_007_y0x0.png	0.000786	0.138946	0.243991	0.151817	0.621053	0.974581	2.864837	0.995138	33.851959	0.020126	0.960045	0.871635	35.298267	0.959560	1925	1	0	3	5	1.939394	0.000000	33	32	179.468037	10.052351	0.000000	-0.137220	-38.569373	-0.025313	-0.003376	-0.426725	2519.143581	0.020126	0.020126	1	0	1	3	5	1.939394	0.000000	1	0	33	32	25	5.608376	10.052351	179.468037	0.000000	20820	10.815584	34.044675	256x256	65536	sparse	Otsu	243	1	82	1803	47.836626	0.960093	42.927374	0.998513	0.446851	0.714639	10	16	0.000000	94	1408	48.620334	0.976737	0.998754	43.713542	0.552465	0.446529	4983	49.012471	0.980265	0.999333	46.474988	0.413158	0.444000	-9.075415	0.245406	-12.538360	-0.000533	True	0.000786	0.198689	0.011818	1.558679	0.772362	0.673218	0.138006	41.434210	0.999894	MITO_M2_007_y0x0
MITO_M2_007_y0x256.png	0.204005	0.020089	0.039386	0.986395	0.020094	0.981257	26.178447	0.999978	35.747430	0.004312	0.355964	1.804836	30.370357	0.761044	905	1	0	0	2	1.600000	0.000000	5	4	22.656854	3.269219	0.000000						701.540947	0.004312	0.004312	1	0	1	0	2	1.600000	0.000000	1	0	5	4	3	5.664214	3.269219	22.656854	0.000000	34244	37.838674	72.415470	256x256	65536	dense	Frangi	144	1												16	894	36.644033	0.893003	0.999901	30.429801	0.844638	0.006967												True	0.203214	30.375757	0.761142	35.738725	0.554067	1.000000				MITO_M2_007_y0x256
MITO_M2_007_y0x512.png	0.223102	0.000000	0.000000	0.000000	0.000000	0.980054	25.921743	0.999984	31.707411	0.002927	0.113080	1.831061	25.758743	0.667246	582	1	0	0	2	1.000000	0.000000	2	1	5.414214	3.098713	0.000000						485.759258	0.002927	0.002927	1	0	1	0	2	1.000000	0.000000	1	0	2	1	0	5.414214	3.098713	5.414214	0.000000	38194	65.625430	112.604811	256x256	65536	dense	Frangi	56	1																															True	0.222821	25.763852	0.667216	31.712560	0.475119	0.869971				MITO_M2_007_y0x512
MITO_M2_007_y256x256.png	0.142267	0.121355	0.216443	0.123749	0.862475	0.998707	33.770331	0.989107	37.220686	0.371178	0.965334	0.762053	34.680071	0.885724	13576	20	20	126	129	2.000000	1.000000	798	798	3825.818685	3.085958	0.000000	0.001770	-8.006057	-0.001048	-0.007966	0.005925	2949.264526	0.371178	0.371178	20	20	0	126	129	2.000000	1.000000	20	19	798	798	543	4.794259	3.085958	3825.818685	0.000000	34407	2.534399	4.827342	256x256	65536	sparse	Learned	1786	20	93	12119	43.869493	0.971544	43.185937	0.997073	0.365253	0.435860	106	104	0.000000	96	13540	46.266171	0.983645	0.998386	45.972846	0.366287	0.366227	247	27.978153	0.730894	0.939773	25.646997	0.845104	0.234215	-5.965251	0.529474	-9.189422	-0.085820	True	0.142085	34.699268	0.885830	37.234184	0.544916	0.415255	0.140497	41.776388	0.999755	MITO_M2_007_y256x256
MITO_M2_007_y256x512.png	0.347185	0.443275	0.614263	0.562167	0.676999	0.987673	27.949560	0.991191	33.625806	0.480454	0.511552	0.702786	29.293886	0.770787	6932	23	2	21	65	1.790000	0.086957	200	179	912.423448	5.872909	0.000000	-0.042606	-10.470198	-0.010012	-0.004649	0.015563	4992.807388	0.480454	0.480454	23	2	21	21	65	1.790000	0.086957	23	1	200	179	114	5.097338	5.872909	912.423448	0.000000	37769	5.448500	9.454126	256x256	65536	sparse	Otsu	716	23	79	6855	40.197973	0.947346	38.271208	0.995840	0.464892	0.489934	56	43	0.000000	85	6216	40.014310	0.947004	0.995875	38.283122	0.514290	0.464776	276	25.820401	0.673318	0.948326	21.346888	0.968779	0.281342	-4.645402	0.021618	-10.904087	-0.176559	True	0.347366	29.294246	0.770857	33.640928	0.619749	0.435551	0.389791	38.419758	0.997685	MITO_M2_007_y256x512
MITO_M2_007_y512x0.png	0.082358	0.094083	0.171984	0.095013	0.905738	0.999004	28.641469	0.994110	37.072723	0.538297	0.920142	0.953436	38.288687	0.950271	6162	8	7	35	38	1.991416	0.875000	233	232	1136.577777	3.360883	0.000000	0.020923	-12.672722	-0.000934	-0.004348	0.053466	4574.216127	0.538297	0.538297	8	7	1	35	38	1.991416	0.875000	8	8	233	232	160	4.899042	3.360883	1136.577777	0.000000	27540	4.469328	10.635508	256x256	65536	sparse	Learned	1020	8	92	5765	46.534213	0.978175	43.618384	0.998458	0.484832	0.608343	38	83	0.000000	95	4376	46.740409	0.977488	0.998842	45.031794	0.478679	0.480478	340	39.168744	0.885630	0.990507	33.096746	0.990534	0.418213	-6.545661	0.311799	-8.245526	-0.027903	True	0.082210	38.311426	0.952286	37.079329	0.935430	0.891873	0.061435	41.314191	0.999938	MITO_M2_007_y512x0
MITO_M2_007_y512x256.png	0.312174	0.000000	0.000000	0.000000	0.000000	0.978856	24.889824	0.999930	27.297250	0.010786	0.240428	1.123512	25.552574	0.671680	1258	4	2	2	8	1.800000	0.500000	20	18	57.627417	2.782233	0.000000	-0.043594	0.178920	0.002894	0.000515	-0.001426	806.578398	0.010786	0.010786	4	2	2	2	8	1.800000	0.500000	4	2	20	18	10	3.201523	2.782233	57.627417	0.000000	39406	31.324324	52.095390	256x256	65536	sparse	Frangi	152	4	2	1227	25.808919	0.597096	18.414102	0.999415	0.012213	0.998096	5	17	0.000000	10	1226	33.668897	0.859411	0.999923	26.071895	0.968987	0.011318								8.883148	-0.757669	-0.256346	0.074584	True	0.312008	25.549125	0.671639	27.268704	0.820336	0.921658	0.355768	24.710904	0.975962	MITO_M2_007_y512x256
MITO_M2_007_y512x512.png	0.210227	0.000226	0.000453	0.008130	0.000233	0.990641	24.080254	0.999975	28.968525	0.006659	0.121905	1.632888	24.659109	0.773834	849	2	0	0	4	1.000000	0.000000	4	2	11.828427	3.225387	0.000000						534.878969	0.006659	0.006659	2	0	2	0	4	1.000000	0.000000	2	0	4	2	0	5.914214	3.225387	11.828427	0.000000	36488	42.977621	77.191991	256x256	65536	dense	Frangi	119	2												6	822	34.817752	0.891909	0.999953	24.465132	0.702299	0.008260												True	0.210655	24.659214	0.773803	28.960001	0.595169	0.971844				MITO_M2_007_y512x512
MITO_M2_008_y0x0.png	0.156992	0.000000	0.000000	0.000000	0.000000	0.991982	23.952201	0.999959	27.068216	0.009541	0.147856	1.949864	20.749622	0.668647	1118	2	0	0	4	1.200000	0.000000	5	3	15.656854	3.651451	0.000000						651.829243	0.009541	0.009541	2	0	2	0	4	1.200000	0.000000	2	0	5	3	1	5.218951	3.651451	15.656854	0.000000	39745	35.550089	58.618962	256x256	65536	dense	Frangi	172	2												2	1060	31.792294	0.866114	0.999921	24.105740	0.517462	0.011885												True	0.156221	20.749634	0.668811	27.034102	0.512707	0.999708				MITO_M2_008_y0x0
MITO_M2_008_y0x512.png	0.032946	0.058293	0.110164	0.058803	0.870466	0.999801	29.683831	0.995360	38.707792	0.399213	0.690253	2.915398	43.071368	0.961780	4417	15	6	22	40	1.913876	0.400000	209	200	968.168614	3.068752	0.000000	-0.003407	-11.527596	-0.000153	-0.003044	-0.046096	1831.318855	0.399213	0.399213	15	6	9	22	40	1.913876	0.400000	15	6	209	200	147	4.840843	3.068752	968.168614	0.000000	25082	5.678515	14.837220	256x256	65536	sparse	Learned	679	15	90	4377	46.895870	0.978318	43.304959	0.998404	0.445310	0.386633	91	78	0.000000	95	3848	47.453372	0.978063	0.998801	45.042915	0.345737	0.443775	467	41.301770	0.865941	0.994545	36.603630	0.822272	0.442770	-4.597167	0.303621	-3.824502	-0.016539	True	0.027370	43.140833	0.967091	38.732603	0.329680	0.961148	0.036353	41.211427	0.999955	MITO_M2_008_y0x512
MITO_M2_008_y256x0.png	0.184615	0.000000	0.000000	0.000000	0.000000	0.987340	24.179563	0.999963	24.629939	0.003986	0.113080	1.422185	22.970206	0.715076	598	1	0	0	2	1.000000	0.000000	2	1	5.414214	3.098713	0.000000						487.895727	0.003986	0.003986	1	0	1	0	2	1.000000	0.000000	1	0	2	1	0	5.414214	3.098713	5.414214	0.000000	37874	63.334448	109.591973	256x256	65536	dense	Frangi	55	1																															True	0.184618	22.970297	0.715337	24.636682	0.642668	0.913994				MITO_M2_008_y256x0
MITO_M2_008_y256x256.png	0.269891	0.000000	0.000000	0.000000	0.000000	0.985020	24.166989	0.999987	27.472631	0.005550	0.130642	0.797368	22.105202	0.646305	633	1	0	0	2	1.000000	0.000000	2	1	6.414214	3.352061	0.000000						507.200241	0.005550	0.005550	1	0	1	0	2	1.000000	0.000000	1	0	2	1	0	6.414214	3.352061	6.414214	0.000000	39248	62.003160	103.532385	256x256	65536	dense	Frangi	66	1																															True	0.269460	22.105538	0.646208	27.469719	0.631345	0.503415				MITO_M2_008_y256x256
MITO_M2_008_y256x512.png	0.183756	0.000000	0.000000	0.000000	0.000000	0.981357	22.032224	0.999939	26.527798	0.012580	0.147856	1.363118	21.855458	0.653434	1295	3	0	0	6	1.250000	0.000000	8	5	23.485281	3.242081	0.000000	-0.010423	-1.627348	-0.000884	0.000473	0.003524	630.135775	0.012580	0.012580	3	0	3	0	6	1.250000	0.000000	3	0	8	5	2	4.697056	3.242081	23.485281	0.000000	39378	30.407722	50.606950	256x256	65536	dense	Frangi	206	3	2	1290	24.999793	0.583415	16.240734	0.999466	0.009056	0.875410	22	39	0.000000	7	1286	32.995697	0.871394	0.999924	24.245295	0.302614	0.024573								10.287064	-0.727554	-3.144335	0.070019	True	0.183258	21.853403	0.653316	26.544691	0.504655	0.687904	0.194179	23.659573	0.982240	MITO_M2_008_y256x512
MITO_M2_008_y512x0.png	0.180372	0.000000	0.000000	0.000000	0.000000	0.990260	21.700765	0.999973	28.314546	0.008324	0.164730	1.664217	23.312851	0.716558	730	1	0	0	2	1.333333	0.000000	3	2	9.242641	3.074503	0.000000						563.951015	0.008324	0.008324	1	0	1	0	2	1.333333	0.000000	1	0	3	2	1	4.621320	3.074503	9.242641	0.000000	36883	50.524658	89.775342	256x256	65536	dense	Frangi	86	1																															True	0.179648	23.312553	0.716737	28.330018	0.472708	0.786688				MITO_M2_008_y512x0
MITO_M2_008_y512x256.png	0.220445	0.155280	0.268818	0.158536	0.883183	0.997564	32.150671	0.989005	35.602175	0.361020	0.823001	0.873424	31.824252	0.883030	13202	31	19	102	128	1.964339	0.612903	673	661	3032.436867	3.340025	0.000000	0.000263	-8.959762	-0.001987	-0.007645	-0.011004	4845.206976	0.361020	0.361020	31	19	12	102	128	1.964339	0.612903	31	20	673	661	443	4.587650	3.340025	3032.436867	0.000000	36473	2.762687	4.964096	256x256	65536	sparse	Learned	1720	31	92	12007	42.980642	0.968624	41.939879	0.996650	0.372025	0.424203	80	91	0.000000	94	12816	44.679857	0.979195	0.997854	44.002245	0.404093	0.373433	248	22.915097	0.669675	0.900693	19.036942	0.883349	0.274285	-6.337704	0.398798	-11.156389	-0.085595	True	0.220479	31.812310	0.882993	35.603912	0.652677	0.570063	0.220182	41.110433	0.999551	MITO_M2_008_y512x256
MITO_M2_008_y512x512.png	0.266115	0.175135	0.298068	0.317809	0.280636	0.989497	27.205710	0.997731	32.541584	0.289497	0.215929	0.619572	30.370689	0.798836	6003	43	3	4	87	1.500000	0.069767	160	120	544.617316	4.071596	0.000000	-0.037257	-10.979439	-0.009046	-0.001434	0.008809	2808.523417	0.289497	0.289497	43	3	40	4	87	1.500000	0.069767	43	2	160	120	69	4.538478	4.071596	544.617316	0.000000	37168	6.191571	10.917208	256x256	65536	dense	Meijering	702	43	75	5898	40.194647	0.951174	36.816155	0.999165	0.280688	0.378174	53	16	0.000000	85	5508	40.274091	0.950222	0.999210	37.737307	0.405692	0.277874	337	24.760257	0.690740	0.963899	17.102751	0.884014	0.232352	-4.274571	-0.162245	-9.823958	-0.152339	True	0.265951	30.373430	0.798984	32.540080	0.547666	0.339318	0.303373	38.185149	0.998543	MITO_M2_008_y512x512
MITO_M2_009_y0x256.png	0.042601	0.072751	0.135635	0.073309	0.905350	0.999504	26.797515	0.993670	32.262149	0.535685	0.659649	3.217935	32.849581	0.893276	5815	9	1	13	29	1.855856	0.111111	111	103	541.617316	5.874327	0.000000	0.002010	-10.148043	-0.000463	-0.003744	0.049533	5864.547491	0.535685	0.535685	9	1	8	13	29	1.855856	0.111111	9	1	111	103	69	5.258421	5.874327	541.617316	0.000000	33345	5.734308	11.270163	256x256	65536	dense	Meijering	941	9	85	5385	41.874476	0.954392	37.248409	0.997414	0.486151	0.867565	12	53	0.000000	90	4762	42.845298	0.958106	0.998494	39.522885	0.841556	0.483177	339	32.727889	0.742353	0.978425	25.615747	0.999950	0.475336	-4.986260	-0.207916	-9.024894	-0.061116	True	0.042147	32.855562	0.895218	32.265580	0.302324	0.972858	0.040591	36.945557	0.999967	MITO_M2_009_y0x256
MITO_M2_009_y0x512.png	0.081089	0.000000	0.000000	0.000000	0.000000	0.991162	21.390655	0.999944	29.696293	0.008892	0.156335	2.059604	24.341176	0.647642	1253	2	0	0	4	1.333333	0.000000	6	4	17.485281	4.467043	0.000000	-0.046530	-2.604638	-0.002251	0.000500	-0.005495	729.387283	0.008892	0.008892	2	0	2	0	4	1.333333	0.000000	2	0	6	4	2	4.371320	4.467043	17.485281	0.000000	40529	32.345571	52.303272	256x256	65536	dense	Frangi	213	2	2	1234	26.191943	0.598666	19.625348	0.999445	0.014388	0.980109	8	20	0.000000	11	1240	33.333298	0.852270	0.999881	25.848793	0.921762	0.013076								10.070945	-0.823774	-1.850767	0.048976	True	0.081122	24.341527	0.648047	29.714476	0.485529	0.999997	0.127619	23.995293	0.993414	MITO_M2_009_y0x512
MITO_M2_009_y256x256.png	0.175353	0.048666	0.092814	0.448463	0.051764	0.991877	20.450264	0.999851	27.957379	0.020240	0.262877	2.488979	22.450456	0.587005	1354	4	0	1	9	1.555556	0.000000	18	14	64.041631	3.593426	0.000000	-0.011107	-2.326008	-0.001288	0.000483	-0.001362	983.119726	0.020240	0.020240	4	0	4	1	9	1.555556	0.000000	4	0	18	14	8	4.574402	3.593426	64.041631	0.000000	42428	31.335303	48.401773	256x256	65536	sparse	Frangi	159	4	2	1308	24.595331	0.482341	21.467486	0.999368	0.021602	0.999683	5	36	0.000000	6	1352	31.574502	0.835988	0.999781	27.096293	0.526566	0.027563								6.489893	-0.736806	-2.144875	0.104664	True	0.175340	22.452359	0.587081	27.986123	0.401104	0.998338	0.186461	22.776272	0.993165	MITO_M2_009_y256x256
MITO_M2_009_y256x512.png	0.245267	0.001127	0.002252	0.038710	0.001160	0.986163	18.391005	0.999960	26.300545	0.008254	0.130642	1.196136	24.607527	0.670682	996	3	0	0	6	1.250000	0.000000	8	5	20.071068	2.639320	0.000000						594.163418	0.008254	0.008254	3	0	3	0	6	1.250000	0.000000	3	0	8	5	2	4.014214	2.639320	20.071068	0.000000	41213	41.378514	65.799197	256x256	65536	sparse	Frangi	129	3												5	986	32.514896	0.839125	0.999967	25.861896	0.600393	0.008695												True	0.246290	24.605931	0.671041	26.307144	0.689872	0.825180				MITO_M2_009_y256x512
MITO_M2_009_y512x0.png	0.027107	0.029682	0.057653	0.029682	1.000000	0.999953	33.425781	0.983566	33.789071	0.801461	1.000000	4.601982	30.794131	0.914153	7258	1	8	23	10	2.085366	8.000000	164	171	935.239682	7.932567	0.000000	0.002552	-5.162598	-0.000029	-0.009997	0.021276	12495.195866	0.801461	0.801461	1	8	-7	23	10	2.085366	8.000000	1	8	164	171	131	5.469238	7.932567	935.239682	0.000000	32121	4.425599	9.029485	256x256	65536	sparse	Otsu	1168	1	90	7196	43.147643	0.963894	39.253455	0.993563	0.780185	0.650062	34	102	0.000000	93	6228	44.962641	0.970580	0.997040	42.569744	0.602927	0.775428	276	32.020870	0.668629	0.948450	26.399227	0.995994	0.703919	-5.464383	0.349938	-12.353512	-0.049741	True	0.027116	30.794404	0.917968	33.793763	0.217295	0.999990	0.024555	38.588379	0.999982	MITO_M2_009_y512x0
MITO_M2_009_y512x256.png	0.336376	0.259211	0.411704	0.326459	0.557202	0.990758	23.726815	0.991662	31.130308	0.429350	0.430312	0.760722	25.744351	0.646893	11147	45	2	37	125	1.744807	0.044444	337	294	1387.513852	4.849336	0.000000	-0.011559	-11.067691	-0.007506	-0.004150	0.020844	3784.937620	0.429350	0.429350	45	2	43	37	125	1.744807	0.044444	45	1	337	294	175	4.719435	4.849336	1387.513852	0.000000	43977	3.945187	5.879250	256x256	65536	dense	Meijering	1164	45	80	11097	36.212860	0.931138	35.098154	0.995812	0.408506	0.474538	69	55	0.000000	82	10988	37.355956	0.950871	0.997060	36.376201	0.467771	0.409907	250	19.882251	0.417480	0.920180	16.226693	0.890299	0.299114	-3.967847	-0.044226	-10.468509	-0.284244	True	0.336552	25.750930	0.647034	31.161918	0.644845	0.490547	0.347934	34.794506	0.998264	MITO_M2_009_y512x256
MITO_M2_009_y512x512.png	0.017602	0.026713	0.052036	0.026804	0.887218	0.999810	27.443356	0.993271	33.711608	0.433655	0.790200	1.193624	32.512866	0.870951	10092	25	14	77	102	1.955010	0.560000	489	478	2189.841846	3.333364	0.000000	0.000522	-9.114115	-0.000154	-0.003922	0.005217	2461.079359	0.433655	0.433655	25	14	11	77	102	1.955010	0.560000	25	13	489	478	310	4.581259	3.333364	2189.841846	0.000000	37669	3.732560	6.493857	256x256	65536	sparse	Learned	1174	25	88	9549	40.626022	0.954207	38.337519	0.997192	0.428438	0.583170	65	105	0.000000	91	9724	42.756691	0.969174	0.998549	41.183400	0.469646	0.428914	248	22.613207	0.423408	0.945567	18.766951	0.996586	0.322352	-4.625911	0.207030	-8.113156	-0.083256	True	0.017622	32.521237	0.872507	33.736291	0.667129	0.796301	0.017080	36.557471	0.999965	MITO_M2_009_y512x512
MITO_M2_010_y0x256.png	0.054046	0.028854	0.056090	0.029084	0.785340	0.999792	31.557795	0.989522	36.450381	0.361131	0.999477	1.998666	36.422825	0.955633	8440	4	9	60	55	2.028249	2.250000	354	359	1712.307791	3.484896	0.000000	0.011379	-13.495025	-0.000191	-0.008672	-0.026354	6780.202150	0.361131	0.361131	4	9	-5	60	55	2.028249	2.250000	4	10	354	359	239	4.769660	3.484896	1712.307791	0.000000	16108	1.908531	7.764929	256x256	65536	sparse	Learned	1370	4	96	7555	50.461235	0.992516	46.099087	0.998194	0.387485	0.513057	51	113	0.000000	100	6782	52.998777	0.995350	0.998974	49.173146	0.471596	0.384993	246	29.218986	0.768783	0.952886	25.215002	0.794025	0.234600	-9.648707	0.486420	-14.038409	-0.036883	True	0.054385	36.426568	0.955874	36.459780	0.283469	0.566559	0.042667	45.052820	0.999983	MITO_M2_010_y0x256
MITO_M2_010_y0x512.png	0.093699	0.090141	0.165375	0.090992	0.906055	0.999323	36.264627	0.988243	37.839040	0.467381	0.924755	1.675377	37.557157	0.923707	10885	20	19	110	115	1.996785	0.950000	622	621	2954.135352	3.289708	0.000000	0.000103	-6.919938	-0.000540	-0.008744	-0.014387	2481.943130	0.467381	0.467381	20	19	1	110	115	1.996785	0.950000	20	17	622	621	397	4.757062	3.289708	2954.135352	0.000000	26388	2.424254	6.020763	256x256	65536	sparse	Learned	1429	20	94	10474	46.262808	0.983983	44.202001	0.996988	0.481767	0.588962	86	188	0.000000	96	9020	47.403090	0.987519	0.997696	45.688627	0.587121	0.470905	245	25.097782	0.612850	0.881587	22.017345	0.676967	0.228926	-6.362960	0.335792	-8.705651	-0.060276	True	0.093960	37.565821	0.923241	37.841678	0.502172	0.841327	0.093596	43.184565	0.999863	MITO_M2_010_y0x512
MITO_M2_010_y256x256.png	0.215729	0.000000	0.000000	0.000000	0.000000	0.984128	24.054297	0.999917	26.869309	0.014835	0.228948	1.869230	22.216919	0.614707	1334	2	0	0	4	1.500000	0.000000	8	6	26.899495	4.296055	0.000000	-0.001411	-0.919230	0.002612	0.000378	-0.003925	806.657553	0.014835	0.014835	2	0	2	0	4	1.500000	0.000000	2	0	8	6	4	4.483249	4.296055	26.899495	0.000000	39072	29.289355	49.127436	256x256	65536	dense	Frangi	222	2	2	1309	24.930847	0.561503	19.686649	0.999539	0.018759	0.796685	20	38	0.000000	5	1292	32.770918	0.867256	0.999858	24.422352	0.710616	0.016902								7.182660	-0.567737	-2.713929	0.053204	True	0.215791	22.217162	0.614749	26.858659	0.534529	0.999158	0.217140	24.973527	0.981516	MITO_M2_010_y256x256
MITO_M2_010_y256x512.png	0.398230	0.341647	0.509295	0.371431	0.809906	0.996615	33.423528	0.994266	35.652292	0.639031	0.445277	0.542160	33.288981	0.835171	6936	28	4	20	69	1.779817	0.142857	218	194	915.979797	5.055588	0.000000	0.159153	-6.806456	-0.002444	-0.003206	0.172475	3329.973698	0.639031	0.639031	28	4	24	20	69	1.779817	0.142857	28	3	218	194	129	4.721545	5.055588	915.979797	0.000000	35914	5.177912	9.448674	256x256	65536	dense	Otsu	841	28	82	6936	41.975247	0.958817	40.199196	0.997472	0.466556	0.305780	149	64	0.000000	88	6572	41.793404	0.959075	0.997370	39.917679	0.288008	0.461370	275	26.413437	0.711213	0.945996	20.744705	0.998507	0.228535	-4.546904	0.139497	-8.686266	-0.123646	True	0.397637	33.305988	0.835331	35.676387	0.692721	0.375566	0.239077	40.229985	0.999058	MITO_M2_010_y256x512
MITO_M2_010_y512x0.png	0.209574	0.174438	0.297058	0.181499	0.817634	0.995520	29.090262	0.986673	36.339318	0.542185	0.998762	0.865423	34.089016	0.931543	11445	6	26	111	74	2.071048	4.333333	563	583	2668.589104	3.478836	0.000000	0.034025	-16.368622	-0.004223	-0.011388	0.010161	6733.006239	0.542185	0.542185	6	26	-20	111	74	2.071048	4.333333	7	27	563	583	378	4.577340	3.478836	2668.589104	0.000000	23214	2.028309	5.726169	256x256	65536	sparse	Learned	1689	7	96	11307	48.721415	0.990206	45.994036	0.998061	0.532023	0.473930	112	177	0.000000	100	10470	51.408404	0.994186	0.998996	49.260944	0.501463	0.528963	246	27.664190	0.706120	0.915775	23.107586	0.999997	0.385982	-9.654719	0.524832	-14.632399	-0.058663	True	0.209535	34.090224	0.931721	36.342926	0.806573	0.698028	0.175549	45.458884	0.999743	MITO_M2_010_y512x0
MITO_M2_010_y512x256.png	0.163266	0.180423	0.305692	0.419896	0.240327	0.979102	28.387207	0.996933	33.409684	0.333459	0.276487	0.433231	29.558805	0.764309	5691	33	1	10	75	1.584416	0.030303	154	122	567.688384	4.662734	0.000000	-0.022589	-11.394755	-0.018203	-0.001820	0.011733	2768.144608	0.333459	0.333459	33	1	32	10	75	1.584416	0.030303	33	0	154	122	69	4.653183	4.662734	567.688384	0.000000	37022	6.505359	11.515727	256x256	65536	dense	Meijering	589	33	68	5629	40.513200	0.958917	37.199725	0.998753	0.321726	0.239161	69	11	0.000000	85	5642	40.806748	0.959885	0.998840	38.388696	0.219072	0.326268	344	24.322742	0.639987	0.954285	17.660841	0.629042	0.268360	-3.790041	0.037326	-10.954396	-0.194608	True	0.163434	29.558161	0.764324	33.464252	0.654313	0.283469	0.185856	39.781963	0.997306	MITO_M2_010_y512x256
MITO_M2_010_y512x512.png	0.089659	0.073466	0.136875	0.075413	0.739953	0.998743	28.860385	0.987379	35.872355	0.344409	0.695458	1.578721	31.491742	0.912819	14548	38	8	70	132	1.894552	0.210526	569	539	2530.618541	3.486024	0.000000	-0.004941	-16.097641	-0.001104	-0.010509	-0.012599	8392.073870	0.344409	0.344409	38	8	30	70	132	1.894552	0.210526	38	7	569	539	367	4.695025	3.486024	2530.618541	0.000000	31797	2.185661	4.504812	256x256	65536	dense	Learned	2396	38	95	13518	46.304210	0.980904	45.475761	0.997888	0.357007	0.389459	88	117	0.000000	97	11654	47.213166	0.984269	0.998490	47.179213	0.385285	0.356529	243	26.273016	0.773297	0.931490	21.914154	0.888083	0.218848	-9.603406	0.306000	-14.812468	-0.068085	True	0.089947	31.488022	0.912903	35.869929	0.318414	0.502687	0.094600	44.958026	0.999847	MITO_M2_010_y512x512
MITO_M2_011_y0x256.png	0.043962	0.037433	0.072165	0.116424	0.052288	0.996630	19.729070	0.999849	28.283931	0.019744	0.174693	1.429948	23.731806	0.776419	1158	5	0	1	11	1.285714	0.000000	14	9	47.556349	3.656841	0.000000						729.007244	0.019744	0.019744	5	0	5	1	11	1.285714	0.000000	5	0	14	9	2	5.284039	3.656841	47.556349	0.000000	25737	22.225389	56.594128	256x256	65536	sparse	Frangi	142	5												26	1152	36.410544	0.929609	0.999875	28.022816	0.997618	0.023109												True	0.043922	23.730907	0.777826	28.287120	0.696791	0.996375				MITO_M2_011_y0x256
MITO_M2_011_y256x0.png	0.122924	0.008710	0.017270	0.104377	0.009414	0.988373	19.785621	0.999947	29.303163	0.011087	0.186709	1.670316	23.940324	0.733271	1031	3	0	0	6	1.333333	0.000000	9	6	30.485281	3.453213	0.000000						668.566942	0.011087	0.011087	3	0	3	0	6	1.333333	0.000000	3	0	9	6	3	5.080880	3.453213	30.485281	0.000000	31143	30.206596	63.565470	256x256	65536	sparse	Frangi	142	3												13	1022	34.942756	0.913663	0.999903	26.623911	1.000000	0.012506												True	0.122951	23.940523	0.737285	29.312241	0.597842	0.998584				MITO_M2_011_y256x0
MITO_M2_011_y256x256.png	0.120278	0.000000	0.000000	0.000000	0.000000	0.980811	20.626069	0.999917	27.151195	0.014874	0.121905	0.988712	20.736019	0.460720	1055	4	0	0	8	1.000000	0.000000	8	4	24.071068	3.159040	0.000000						533.029795	0.014874	0.014874	4	0	4	0	8	1.000000	0.000000	4	0	8	4	0	6.017767	3.159040	24.071068	0.000000	43745	41.464455	62.119431	256x256	65536	sparse	Frangi	130	4																															True	0.120190	20.737093	0.460805	27.157484	0.597110	0.590370				MITO_M2_011_y256x256
MITO_M2_011_y256x512.png	0.089759	0.022534	0.044075	0.193820	0.024865	0.996590	23.372211	0.999930	28.981661	0.015324	0.186709	1.569471	20.956025	0.477229	1389	3	0	0	6	1.400000	0.000000	10	7	31.313708	3.716395	0.000000	-0.012625	-0.810253	0.000436	0.000341	-0.002674	793.914557	0.015324	0.015324	3	0	3	0	6	1.400000	0.000000	3	0	10	7	4	4.473387	3.716395	31.313708	0.000000	43973	31.658027	47.182145	256x256	65536	dense	Frangi	225	3	2	1355	23.920453	0.550719	20.709380	0.999588	0.017998	0.594445	40	27	0.000000	1	1280	29.927863	0.778733	0.999862	25.806411	0.497420	0.015617								8.272281	-0.407736	-2.964428	-0.073490	True	0.089591	20.954946	0.477104	29.002488	0.556918	0.874066	0.102384	24.182464	0.996154	MITO_M2_011_y256x512
MITO_M2_011_y512x0.png	0.266649	0.004377	0.008717	0.111111	0.004536	0.989260	20.563575	0.999948	26.680403	0.010886	0.164730	1.254146	26.393318	0.819217	828	2	0	0	4	1.333333	0.000000	6	4	18.071068	3.158082	0.000000						540.530205	0.010886	0.010886	2	0	2	0	4	1.333333	0.000000	2	0	6	4	2	4.517767	3.158082	18.071068	0.000000	23861	28.817633	79.149758	256x256	65536	sparse	Frangi	130	2												18	818	36.980861	0.927515	0.999963	26.533610	0.999681	0.012710												True	0.266362	26.397831	0.819936	26.688309	0.786095	0.985878				MITO_M2_011_y512x0
MITO_M2_011_y512x256.png	0.174342	0.019085	0.037454	0.630332	0.019301	0.981981	21.171318	0.999940	28.326763	0.005558	0.136418	1.693179	22.097715	0.537019	1070	3	0	0	6	1.250000	0.000000	8	5	20.656854	3.334522	0.000000						587.272167	0.005558	0.005558	3	0	3	0	6	1.250000	0.000000	3	0	8	5	2	4.131371	3.334522	20.656854	0.000000	40703	38.040187	61.248598	256x256	65536	sparse	Frangi	130	3																															True	0.174046	22.099157	0.536967	28.347482	0.584578	0.989796				MITO_M2_011_y512x256
MITO_M2_011_y512x512.png	0.052763	0.019350	0.037966	0.161850	0.021505	0.996075	22.635407	0.999953	31.194735	0.008216	0.142156	1.541635	26.048933	0.656201	1051	3	0	0	6	1.333333	0.000000	9	6	23.727922	2.620107	0.000000						611.176729	0.008216	0.008216	3	0	3	0	6	1.333333	0.000000	3	0	9	6	3	3.954654	2.620107	23.727922	0.000000	39385	37.473834	62.355852	256x256	65536	sparse	Frangi	131	3												6	1012	33.353073	0.829472	0.999873	25.791018	0.400143	0.007954												True	0.052577	26.050675	0.656165	31.218067	0.408116	0.629166				MITO_M2_011_y512x512
MITO_M2_012_y0x0.png	0.095041	0.249025	0.398751	0.274018	0.731922	0.998517	33.693829	0.997845	36.701243	0.244567	0.268244	2.066922	40.469727	0.948223	2174	13	0	4	30	1.573770	0.000000	61	48	226.865007	4.839979	0.000000	-0.004120	-7.444977	-0.001263	-0.001154	-0.003599	1740.699530	0.244567	0.244567	13	0	13	4	30	1.573770	0.000000	13	0	61	48	27	4.726354	4.839979	226.865007	0.000000	16342	7.517019	30.145354	256x256	65536	sparse	Meijering	249	13	68	2171	45.475796	0.914069	40.391071	0.998999	0.248166	0.475405	39	13	0.000000	92	2164	47.812110	0.986562	0.999258	42.091247	0.584966	0.233102	4377	48.783659	0.988881	0.999633	45.221313	0.398548	0.224681	-3.689828	-0.207161	-5.006070	0.034154	True	0.095542	40.494218	0.947696	36.738254	0.394984	0.816401	0.099161	41.138806	0.999780	MITO_M2_012_y0x0
MITO_M2_012_y0x256.png	0.000817	0.111934	0.201332	0.247003	0.169915	0.987636	30.549308	0.997441	34.757731	0.103523	0.195117	0.055538	32.514135	0.828579	4235	34	0	2	70	1.438017	0.000000	121	87	386.776695	4.459095	0.000000	-0.001749	-9.892479	-0.010021	-0.001551	-0.000968	2796.465635	0.103523	0.103523	34	0	34	2	70	1.438017	0.000000	34	0	121	87	49	4.445709	4.459095	386.776695	0.000000	34257	8.089020	15.474852	256x256	65536	sparse	Meijering	433	34	64	4214	41.634834	0.957969	38.392264	0.998991	0.104491	0.041952	21	0	0.808824	85	4132	41.814479	0.959214	0.999047	38.843301	0.042089	0.105578	464	29.496528	0.790522	0.978457	22.286577	0.084544	0.104613	-3.634533	0.153166	-9.120699	-0.129389	True	0.000817	32.511957	0.828557	34.745602	0.706010	0.039211	0.002566	40.441787	0.997657	MITO_M2_012_y0x256
MITO_M2_012_y0x512.png	0.001390	0.032312	0.062602	0.072950	0.054825	0.988010	27.713756	0.998395	32.409928	0.337190	0.253605	0.147927	28.381450	0.802280	4509	24	1	9	56	1.540000	0.041667	100	77	367.592929	4.711148	0.000000	-0.002541	-11.885711	-0.010079	-0.000923	-0.006109	3250.365973	0.337190	0.337190	24	1	23	9	56	1.540000	0.041667	24	1	100	77	35	4.773934	4.711148	367.592929	0.000000	36374	8.066977	14.534487	256x256	65536	sparse	Otsu	457	24	57	4440	40.211402	0.951637	35.963713	0.999318	0.343299	0.069390	47	0	0.020833	82	4098	40.456896	0.952777	0.999414	36.992920	0.073667	0.335513	475	26.308680	0.746721	0.982956	19.283770	0.167708	0.466773	-3.553785	0.184215	-11.829952	-0.149358	True	0.001389	28.383053	0.802469	32.428379	0.542391	0.080234	0.003931	39.599467	0.998089	MITO_M2_012_y0x512
MITO_M2_012_y256x0.png	0.442429	0.197318	0.329600	0.204926	0.841631	0.998152	34.322333	0.994831	38.257050	0.344510	0.997595	0.449851	42.165262	0.975379	5575	4	18	64	37	2.096220	4.500000	291	305	1354.862048	3.519129	0.000000	0.012438	-9.990286	-0.001571	-0.004029	-0.017637	2390.933514	0.344510	0.344510	4	18	-14	64	37	2.096220	4.500000	4	19	291	305	190	4.442171	3.519129	1354.862048	0.000000	14832	2.660448	11.755336	256x256	65536	sparse	Learned	794	4	95	5343	51.350300	0.994140	45.752422	0.998860	0.362147	0.353979	26	6	0.000000	100	5242	53.676316	0.995766	0.999382	49.185597	0.383365	0.350519	341	35.521633	0.910745	0.976960	28.226134	0.781288	0.292781	-7.495372	0.643616	-9.185038	-0.018760	True	0.442271	42.181305	0.976576	38.258595	0.907449	0.408217	0.429991	44.312619	0.999723	MITO_M2_012_y256x0
MITO_M2_012_y256x256.png	0.124057	0.091335	0.167382	0.123928	0.257766	0.996089	27.208699	0.998894	33.426887	0.460905	0.214246	0.325255	31.193612	0.851853	2961	18	0	3	39	1.428571	0.000000	63	45	226.338095	4.885381	0.000000	-0.017403	-11.561727	-0.003368	-0.000423	-0.001926	1590.959072	0.460905	0.460905	18	0	18	3	39	1.428571	0.000000	18	0	63	45	21	5.029735	4.885381	226.338095	0.000000	33606	11.349544	22.133063	256x256	65536	sparse	Meijering	274	18	40	2950	40.307238	0.946700	35.000728	0.999318	0.462831	0.097744	35	0	0.527778	81	2736	41.527243	0.956526	0.999517	36.638485	0.093464	0.461582	3204	41.662318	0.957460	0.999656	39.158955	0.094630	0.457617	-1.573842	0.116502	-9.113627	-0.094847	True	0.124057	31.194567	0.851946	33.431589	0.381217	0.123993	0.141460	38.770426	0.999457	MITO_M2_012_y256x256
MITO_M2_012_y256x512.png	0.005247	0.082076	0.151701	0.122359	0.199555	0.994959	31.783586	0.997553	34.066828	0.223178	0.244688	0.151494	31.116260	0.837032	4682	32	1	7	70	1.530303	0.031250	132	101	472.090404	4.584344	0.000000	-0.001553	-9.538428	-0.004083	-0.001585	-0.005417	2630.360365	0.223178	0.223178	32	1	31	7	70	1.530303	0.031250	32	0	132	101	55	4.674162	4.584344	472.090404	0.000000	34174	7.299018	13.997437	256x256	65536	sparse	Otsu	414	32	67	4565	42.014336	0.962391	38.594880	0.999138	0.228595	0.069651	41	0	0.859375	85	4464	42.007891	0.963218	0.999047	38.617008	0.073726	0.234118	410	26.594975	0.722878	0.971531	19.882827	0.551045	0.358751	-4.528052	0.175038	-10.898076	-0.125359	True	0.006214	31.125821	0.837061	34.063084	0.602277	0.091241	0.006800	41.322014	0.999042	MITO_M2_012_y256x512
MITO_M2_012_y512x256.png	0.059420	0.024575	0.047970	0.080299	0.034201	0.986039	29.090878	0.999015	32.330294	0.407944	0.214001	0.392547	27.549056	0.775553	4354	25	0	4	54	1.444444	0.000000	90	65	308.722871	4.436812	0.000000	-0.000944	-10.463846	-0.011367	-0.000535	0.044664	3127.967596	0.407944	0.407944	25	0	25	4	54	1.444444	0.000000	25	0	90	65	32	4.749583	4.436812	308.722871	0.000000	36584	8.402389	15.051906	256x256	65536	sparse	Meijering	481	25	48	4344	39.580496	0.950215	35.002501	0.999550	0.363281	0.175363	64	9	0.000000	81	4174	40.272387	0.955076	0.999664	36.322783	0.152492	0.364836	468	25.378870	0.715497	0.984662	18.211086	0.379446	0.289195	-2.672207	0.038638	-12.031440	-0.174662	True	0.059196	27.544280	0.775504	32.339671	0.632374	0.248236	0.060364	39.554725	0.997407	MITO_M2_012_y512x256
MITO_M2_012_y512x512.png	0.017271	0.013529	0.026697	0.015240	0.107551	0.998404	25.250076	0.998794	35.076581	0.426171	0.171962	0.446790	34.379094	0.897635	2784	23	0	1	47	1.333333	0.000000	69	46	220.095454	4.230448	0.000000	-0.030836	-15.582262	-0.001528	-0.000669	-0.033257	1528.143167	0.426171	0.426171	23	0	23	1	47	1.333333	0.000000	23	0	69	46	21	4.784684	4.230448	220.095454	0.000000	25014	8.984914	23.540230	256x256	65536	sparse	Meijering	242	23	54	2773	43.485337	0.945220	37.693639	0.999463	0.459428	0.092279	44	0	0.543478	87	2586	44.802765	0.978706	0.999565	39.121963	0.100775	0.465978	3323	45.468467	0.979670	0.999729	41.208657	0.080021	0.455443	-2.617058	0.079683	-9.106244	-0.047585	True	0.017301	34.377932	0.897331	35.093258	0.215990	0.096502	0.048107	40.832338	0.999932	MITO_M2_012_y512x512
MITO_M2_013_y0x0.png	0.119751	0.208961	0.345687	0.218521	0.826883	0.996524	25.602845	0.991439	32.277303	0.445557	0.524791	1.778025	27.407850	0.729903	9385	30	1	31	89	1.791367	0.033333	278	249	1223.276262	5.504180	0.000000	0.006941	-10.257002	-0.002950	-0.003929	0.031911	5451.948643	0.445557	0.445557	30	1	29	31	89	1.791367	0.033333	30	2	278	249	158	4.912756	5.504180	1223.276262	0.000000	41323	4.403090	6.983058	256x256	65536	sparse	Otsu	964	30	79	9340	37.740254	0.937764	36.013736	0.995368	0.413646	0.720317	61	135	0.000000	83	8622	38.307881	0.947332	0.996256	36.778916	0.648738	0.402837	250	18.453066	0.458292	0.889716	14.382565	0.982226	0.300132	-3.736433	-0.195526	-10.332404	-0.207861	True	0.119813	27.418070	0.730172	32.310361	0.479691	0.852904	0.112809	35.859847	0.999474	MITO_M2_013_y0x0
MITO_M2_013_y0x256.png	0.082519	0.000000	0.000000	0.000000	0.000000	0.993894	20.400873	0.999966	26.005969	0.003204	0.113080	2.121410	23.406798	0.675325	800	2	0	0	4	1.000000	0.000000	4	2	10.828427	3.098713	0.000000						477.514505	0.003204	0.003204	2	0	2	0	4	1.000000	0.000000	2	0	4	2	0	5.414214	3.098713	10.828427	0.000000	39045	48.806250	81.920000	256x256	65536	sparse	Frangi	110	2												1	764	31.772559	0.823313	0.999900	20.945714	0.981867	0.003326												True	0.082526	23.407633	0.676300	25.964863	0.471300	0.999820				MITO_M2_013_y0x256
MITO_M2_013_y0x512.png	0.130967	0.167181	0.286469	0.168218	0.964418	0.998923	31.690446	0.979541	33.382692	0.697572	0.977999	1.934519	30.025736	0.835168	9637	6	3	33	39	1.975806	0.500000	248	245	1307.685425	7.912271	0.000000	0.007203	-5.657666	-0.000800	-0.011656	0.032968	13841.057062	0.697572	0.697572	6	3	3	33	39	1.975806	0.500000	6	3	248	245	176	5.337492	7.912271	1307.685425	0.000000	34169	3.545605	6.800457	256x256	65536	sparse	Otsu	1294	6	88	9422	40.362764	0.955395	37.788761	0.991197	0.664604	0.629859	62	161	0.000000	91	9602	43.067190	0.974843	0.995833	40.871701	0.505817	0.661247	247	22.373291	0.442806	0.884228	19.219881	0.993780	0.593138	-4.406069	0.348140	-10.337028	-0.120227	True	0.130969	30.028338	0.836111	33.396439	0.513856	0.994064	0.123764	37.348112	0.999723	MITO_M2_013_y0x512
MITO_M2_013_y256x0.png	0.065426	0.000000	0.000000	0.000000	0.000000	0.994723	19.016154	0.999966	25.009604	0.003789	0.147856	2.680156	23.996935	0.732602	831	2	0	0	4	1.200000	0.000000	5	3	14.828427	2.725457	0.000000						602.810621	0.003789	0.003789	2	0	2	0	4	1.200000	0.000000	2	0	5	3	1	4.942809	2.725457	14.828427	0.000000	35889	43.187726	78.864019	256x256	65536	sparse	Frangi	102	2												8	828	34.397776	0.873001	0.999976	25.640232	0.999533	0.003926												True	0.065445	23.998703	0.732896	25.002405	0.372493	0.998338				MITO_M2_013_y256x0
MITO_M2_013_y256x256.png	0.142177	0.155838	0.269653	0.176811	0.567807	0.997335	26.164484	0.994059	31.893947	0.505764	0.542103	1.787081	28.293102	0.764960	6660	18	0	19	55	1.795455	0.000000	176	158	786.482323	6.745437	0.000000	-0.017592	-8.701114	-0.002130	-0.002148	-0.026911	5133.275747	0.505764	0.505764	18	0	18	19	55	1.795455	0.000000	18	0	176	158	102	4.977736	6.745437	786.482323	0.000000	41495	6.230480	9.840240	256x256	65536	sparse	Otsu	648	18	70	6579	36.800395	0.911675	34.581098	0.996207	0.532674	0.709242	38	55	0.000000	80	6392	37.105282	0.921605	0.996746	35.041939	0.539757	0.542488	279	21.833843	0.604365	0.924311	16.285312	0.979623	0.388610	-2.687150	-0.167139	-8.507293	-0.146715	True	0.142483	28.303177	0.765089	31.986072	0.489314	0.874444	0.159769	34.865597	0.999465	MITO_M2_013_y256x256
MITO_M2_013_y256x512.png	0.154567	0.021995	0.043044	0.210000	0.023979	0.990897	18.895809	0.999898	29.330174	0.018073	0.192113	1.215068	23.762848	0.640492	1404	3	0	0	6	1.454545	0.000000	11	8	33.970563	4.000622	0.000000	-0.009109	-6.250260	-0.003918	0.000370	-0.000697	895.382404	0.018073	0.018073	3	0	3	0	6	1.454545	0.000000	3	0	11	8	5	4.246320	4.000622	33.970563	0.000000	41863	29.816952	46.678063	256x256	65536	dense	Frangi	228	3	4	1353	27.597930	0.651350	22.841829	0.999528	0.018769	0.810686	23	41	0.000000	15	1396	33.454094	0.827437	0.999791	27.412352	0.663944	0.019529								6.488345	-0.618573	-3.835082	-0.010858	True	0.154497	23.761035	0.640449	29.336253	0.674444	0.819496	0.163676	25.146069	0.994815	MITO_M2_013_y256x512
MITO_M2_013_y512x256.png	0.216107	0.039037	0.075142	0.546816	0.040343	0.986003	22.033847	0.999859	28.454809	0.016390	0.147856	1.647108	25.078101	0.607346	1354	6	0	0	12	1.294118	0.000000	17	11	47.384776	3.366793	0.000000	-0.049212	-3.896284	-0.004223	0.000363	-0.005351	793.196440	0.016390	0.016390	6	0	6	0	12	1.294118	0.000000	6	0	17	11	5	4.307707	3.366793	47.384776	0.000000	40355	29.804284	48.401773	256x256	65536	sparse	Frangi	151	6	4	1353	27.261978	0.603238	22.714824	0.999495	0.021741	0.937129	15	34	0.000000	11	1352	33.228685	0.837278	0.999820	27.046775	0.928161	0.016920								5.739985	-0.789273	-2.183877	0.004107	True	0.216038	25.078239	0.607037	28.450426	0.580583	0.956282	0.265319	25.930131	0.990226	MITO_M2_013_y512x256
MITO_M2_013_y512x512.png	0.134597	0.187856	0.316294	0.188752	0.975347	0.998059	29.729928	0.980321	32.834802	0.655475	0.966531	1.767183	29.664605	0.833805	9529	7	2	37	48	1.963370	0.285714	273	268	1349.099639	7.605218	0.000000	0.011082	-6.676069	-0.001314	-0.010485	0.042161	10430.579424	0.655475	0.655475	7	2	5	37	48	1.963370	0.285714	7	1	273	268	188	5.033954	7.605218	1349.099639	0.000000	37139	3.897471	6.877532	256x256	65536	sparse	Otsu	1120	7	86	9159	39.569896	0.943780	37.042595	0.990805	0.613314	0.556100	51	77	0.000000	89	8882	41.300822	0.959688	0.994824	39.236650	0.482494	0.610265	245	22.716733	0.464791	0.892150	19.281846	0.999424	0.569694	-4.207793	0.410431	-9.905291	-0.109975	True	0.134569	29.671853	0.835105	32.848259	0.565625	0.999562	0.123516	36.405998	0.999373	MITO_M2_013_y512x512
MITO_M2_014_y0x0.png	0.187811	0.141460	0.247858	0.142439	0.953655	0.997925	30.291194	0.983684	34.598142	0.413272	0.922030	0.629162	30.499060	0.868036	17548	21	22	95	95	2.003226	1.047619	620	621	3001.086579	3.273783	0.000000	0.031176	-12.893074	-0.001931	-0.013502	-0.005546	8806.889534	0.413272	0.413272	21	22	-1	95	95	2.003226	1.047619	21	21	620	621	430	4.832668	3.273783	3001.086579	0.000000	34935	1.990825	3.734671	256x256	65536	dense	Learned	3029	21	95	16616	44.406037	0.973832	43.699845	0.997186	0.418817	0.358566	163	266	0.000000	98	17034	48.186694	0.989093	0.998888	47.783577	0.342378	0.419218	243	25.928389	0.682753	0.907154	22.698736	0.824480	0.229469	-9.101703	0.563464	-13.906977	-0.105796	True	0.187644	30.501457	0.867780	34.607017	0.840728	0.528954	0.156635	43.184267	0.999856	MITO_M2_014_y0x0
MITO_M2_014_y0x256.png	0.079536	0.145986	0.254779	0.146608	0.971778	0.999450	34.103572	0.992435	34.085897	0.461046	0.665646	1.421233	32.590708	0.863634	5166	9	1	13	29	1.868852	0.111111	122	114	545.475180	6.429326	0.000000	0.010033	-4.234326	-0.000392	-0.004046	0.043045	6385.067701	0.461046	0.461046	9	1	8	13	29	1.868852	0.111111	9	1	122	114	80	4.784870	6.429326	545.475180	0.000000	33799	6.542586	12.686024	256x256	65536	sparse	Otsu	695	9	80	4939	41.617199	0.945192	38.587077	0.996481	0.418001	0.499537	54	47	0.000000	88	4750	41.918145	0.951582	0.996893	39.258075	0.473262	0.430045	404	32.990696	0.821707	0.976959	26.672796	0.798103	0.401762	-4.501181	0.166109	-9.026491	-0.081558	True	0.079647	32.598175	0.863698	34.093546	0.617107	0.877053	0.069503	38.337899	0.999842	MITO_M2_014_y0x256
MITO_M2_014_y0x512.png	0.051556	0.042632	0.081777	0.051189	0.203200	0.999392	30.028178	0.998989	32.614815	0.224909	0.217854	0.294606	35.896365	0.910099	2414	14	2	4	30	1.571429	0.142857	56	44	179.124892	4.953851	0.000000	-0.001412	-7.069241	-0.000429	-0.000485	0.012092	1814.569712	0.224909	0.224909	14	2	12	4	30	1.571429	0.142857	14	0	56	44	22	4.071020	4.953851	179.124892	0.000000	24131	9.996272	27.148302	256x256	65536	sparse	Meijering	275	14	57	2393	42.341465	0.958229	35.333513	0.999474	0.212817	0.083017	9	0	0.821429	86	2348	43.211923	0.963744	0.999661	38.297819	0.072772	0.214027	3702	43.660923	0.961399	0.999794	41.204938	0.071328	0.212817	-2.718698	0.134837	-6.445100	-0.048129	True	0.051556	35.901935	0.910363	32.650569	0.223144	0.065740	0.052968	37.097420	0.999821	MITO_M2_014_y0x512
MITO_M2_014_y256x0.png	0.256126	0.000000	0.000000	0.000000	0.000000	0.988114	22.646672	0.999972	24.264949	0.004160	0.113080	1.154715	26.972566	0.753478	582	1	0	0	2	1.000000	0.000000	2	1	5.414214	3.098713	0.000000						484.427691	0.004160	0.004160	1	0	1	0	2	1.000000	0.000000	1	0	2	1	0	5.414214	3.098713	5.414214	0.000000	35692	61.326460	112.604811	256x256	65536	dense	Frangi	55	1												1	570	34.000144	0.858875	0.999983	24.757437	0.480794	0.005177												True	0.255814	26.973386	0.753547	24.297628	0.570938	0.659271				MITO_M2_014_y256x0
MITO_M2_014_y256x256.png	0.127108	0.000728	0.001455	0.009756	0.000786	0.993527	19.716940	0.999971	27.319127	0.013942	0.295312	2.284126	22.464480	0.654679	1232	2	0	0	4	1.555556	0.000000	9	7	34.656854	2.787034	0.000000						815.629482	0.013942	0.013942	2	0	2	0	4	1.555556	0.000000	2	0	9	7	5	4.950979	2.787034	34.656854	0.000000	40245	32.666396	53.194805	256x256	65536	dense	Frangi	196	2												8	1198	33.373614	0.845127	0.999965	25.961232	0.373375	0.014579												True	0.126992	22.465119	0.654746	27.318304	0.393469	0.898734				MITO_M2_014_y256x256
MITO_M2_014_y256x512.png	0.154645	0.000000	0.000000	0.000000	0.000000	0.992939	19.757829	0.999973	27.573851	0.005784	0.113080	1.759733	22.175873	0.675961	579	1	0	0	2	1.000000	0.000000	2	1	5.414214	3.098713	0.000000						482.782841	0.005784	0.005784	1	0	1	0	2	1.000000	0.000000	1	0	2	1	0	5.414214	3.098713	5.414214	0.000000	39525	68.264249	113.188256	256x256	65536	dense	Frangi	56	1																															True	0.155111	22.175006	0.675862	27.516878	0.404913	0.712539				MITO_M2_014_y256x512
MITO_M2_014_y512x0.png	0.039081	0.028932	0.056236	0.028982	0.943787	0.999257	25.311747	0.989553	35.888207	0.449645	0.994908	1.367493	33.622236	0.940066	9113	6	9	62	56	2.016173	1.500000	371	374	1789.550432	3.415649	0.000000	0.021587	-18.824265	-0.000727	-0.008161	0.017728	6252.741575	0.449645	0.449645	6	9	-3	62	56	2.016173	1.500000	6	9	371	374	253	4.784894	3.415649	1789.550432	0.000000	22755	2.496982	7.191485	256x256	65536	sparse	Learned	1472	6	95	9019	47.569321	0.985431	44.265497	0.997714	0.431917	0.342895	226	394	0.000000	98	9056	50.566655	0.992007	0.999003	48.036740	0.339165	0.430178	243	26.571672	0.570441	0.940164	22.405039	0.999982	0.224514	-8.377290	0.652013	-13.947085	-0.045365	True	0.039035	33.627583	0.941017	35.897017	0.493383	0.674698	0.017494	44.136012	0.999983	MITO_M2_014_y512x0
MITO_M2_014_y512x256.png	0.202057	0.008311	0.016485	0.229282	0.008550	0.978928	23.765063	0.999920	28.071913	0.019743	0.197481	1.389943	24.369130	0.640462	1309	5	1	5	13	1.652174	0.200000	23	19	57.213203	2.511198	0.000000	-0.036291	-1.813595	0.002845	0.000300	0.004219	698.788881	0.019743	0.019743	5	1	4	5	13	1.652174	0.200000	5	1	23	19	5	3.011221	2.511198	57.213203	0.000000	38908	29.723453	50.065699	256x256	65536	sparse	Frangi	143	5	3	1279	26.127909	0.619714	20.189584	0.999620	0.015523	0.861793	20	30	0.000000	8	1300	33.601312	0.865332	0.999913	26.854029	0.396427	0.022756								7.882330	-0.664311	-1.758779	0.020748	True	0.197320	24.369990	0.640450	28.096482	0.557077	0.774305	0.238349	25.578658	0.976083	MITO_M2_014_y512x256
MITO_M2_014_y512x512.png	0.127214	0.076035	0.141325	0.077566	0.793899	0.999088	32.822331	0.991964	36.716422	0.401805	0.599728	0.895942	36.355339	0.913905	10497	41	6	57	129	1.853556	0.146341	478	443	2105.096680	3.239576	0.000000	-0.001295	-9.004103	-0.000743	-0.005671	-0.023192	2420.651197	0.401805	0.401805	41	6	35	57	129	1.853556	0.146341	41	4	478	443	292	4.751911	3.239576	2105.096680	0.000000	30615	2.916548	6.243308	256x256	65536	dense	Learned	1458	41	92	9456	44.537094	0.975498	42.636335	0.997635	0.424997	0.302479	90	52	0.000000	95	10352	46.231114	0.983294	0.998614	45.033301	0.260004	0.415206	244	25.060861	0.674108	0.903339	19.852355	0.857013	0.211091	-5.919913	0.297249	-8.181755	-0.061593	True	0.127432	36.368290	0.914683	36.728118	0.353382	0.316610	0.128509	41.826434	0.999830	MITO_M2_014_y512x512
MITO_M2_015_y0x512.png	0.051786	0.134343	0.236865	0.182816	0.336286	0.996370	27.591233	0.998535	31.525997	0.574377	0.420883	0.916158	27.594530	0.811779	4574	16	2	10	40	1.762712	0.125000	118	104	475.261977	5.027937	0.000000	-0.015004	-9.988894	-0.003232	-0.000767	0.016611	2809.182882	0.574377	0.574377	16	2	14	10	40	1.762712	0.125000	16	2	118	104	68	4.569827	5.027937	475.261977	0.000000	36820	8.049847	14.327941	256x256	65536	sparse	Otsu	409	16	60	4512	39.449187	0.945086	34.597782	0.999302	0.557766	0.190039	39	4	0.000000	83	4342	40.136218	0.947066	0.999457	36.722009	0.177577	0.559880	454	24.678513	0.735887	0.977244	17.158192	0.440661	0.475601	-3.071785	0.230844	-11.854657	-0.133307	True	0.050502	27.599201	0.811709	31.546340	0.389209	0.356577	0.066789	37.580126	0.999602	MITO_M2_015_y0x512
MITO_M2_015_y256x256.png	0.219762	0.136543	0.240277	0.138611	0.901487	0.998213	30.546677	0.991713	35.531202	0.306476	0.665986	0.580585	31.839467	0.901132	12269	33	14	77	119	1.924000	0.424242	500	481	2152.883476	3.471382	0.000000	-0.001427	-11.363856	-0.001601	-0.006114	-0.010364	4663.274527	0.306476	0.306476	33	14	19	77	119	1.924000	0.424242	35	12	500	481	304	4.475849	3.471382	2152.883476	0.000000	31673	2.581547	5.341593	256x256	65536	dense	Learned	1810	35	93	11077	44.766118	0.977514	43.013498	0.997826	0.316840	0.270019	76	36	0.000000	96	11938	47.098234	0.986476	0.998835	45.967526	0.287874	0.315217	248	22.385252	0.667525	0.920218	17.405486	0.909282	0.227919	-7.482296	0.395967	-12.926651	-0.076382	True	0.220149	31.839623	0.900826	35.531007	0.611598	0.355085	0.221190	41.910533	0.999814	MITO_M2_015_y256x256
MITO_M2_015_y256x512.png	0.018920	0.071874	0.134109	0.072027	0.971223	0.999604	36.160654	0.991742	36.282828	0.062885	0.586631	0.112159	35.785363	0.912243	9136	39	6	56	123	1.856833	0.153846	461	428	2039.268253	3.236001	0.000000	0.000498	-5.932844	-0.000304	-0.005843	0.002941	2570.627689	0.062885	0.062885	39	6	33	56	123	1.856833	0.153846	41	5	461	428	282	4.764645	3.236001	2039.268253	0.000000	33606	3.678415	7.173380	256x256	65536	sparse	Learned	1105	41	90	9038	44.021544	0.969683	42.790097	0.997585	0.059944	0.067285	29	1	0.453659	92	7536	44.070051	0.971218	0.997573	42.915476	0.067305	0.061301	247	24.844201	0.717933	0.901065	19.648962	0.544206	0.128181	-6.507270	0.519346	-8.236181	-0.057440	True	0.018920	35.780473	0.912337	36.295343	0.641801	0.071984	0.018423	42.093498	0.999908	MITO_M2_015_y256x512
MITO_M2_015_y512x256.png	0.127838	0.000000	0.000000	0.000000	0.000000	0.976415	23.841703	0.999971	23.856147	0.004361	0.113080	1.464225	20.058585	0.571206	616	1	0	0	2	1.000000	0.000000	2	1	5.414214	3.098713	0.000000						489.423752	0.004361	0.004361	1	0	1	0	2	1.000000	0.000000	1	0	2	1	0	5.414214	3.098713	5.414214	0.000000	39296	63.792208	106.389610	256x256	65536	dense	Frangi	54	1																															True	0.127725	20.059192	0.571114	23.843308	0.587394	0.860078				MITO_M2_015_y512x256
MITO_M2_015_y512x512.png	0.163746	0.240395	0.387611	0.244215	0.938907	0.999210	35.450259	0.992122	35.533291	0.583988	0.745893	1.834716	34.109342	0.885399	5379	10	0	16	36	1.871795	0.000000	156	146	766.541197	7.416810	0.000000	-0.004647	-5.036165	-0.000512	-0.004287	-0.012777	4313.234806	0.583988	0.583988	10	0	10	16	36	1.871795	0.000000	10	0	156	146	104	5.250282	7.416810	766.541197	0.000000	28392	5.278305	12.183677	256x256	65536	sparse	Otsu	591	10	82	5378	43.705832	0.973718	40.162602	0.996409	0.596765	0.684821	26	31	0.000000	90	4790	43.781533	0.973701	0.996621	40.749726	0.663668	0.597189	403	29.488385	0.775475	0.952942	23.718129	0.988380	0.570733	-4.629311	0.061072	-9.596489	-0.088319	True	0.163553	34.117814	0.885310	35.579104	0.505701	0.927818	0.168394	40.486423	0.999723	MITO_M2_015_y512x512
MITO_M2_016_y0x256.png	0.105258	0.140908	0.247011	0.142655	0.920040	0.997675	30.887528	0.987957	35.894947	0.478726	0.982206	1.650276	34.935458	0.935690	10340	9	11	65	63	2.009259	1.222222	432	434	2058.214429	3.416307	0.000000	0.012614	-15.049032	-0.002203	-0.010664	0.019185	7164.672375	0.478726	0.478726	9	11	-2	65	63	2.009259	1.222222	9	13	432	434	304	4.742430	3.416307	2058.214429	0.000000	21157	2.046132	6.338104	256x256	65536	sparse	Learned	1633	9	96	9824	50.004668	0.991923	46.744308	0.998621	0.459542	0.554212	91	201	0.000000	100	8540	51.755238	0.993696	0.999140	49.261862	0.555520	0.457676	245	24.813597	0.541058	0.936732	20.242803	0.735523	0.169071	-10.849361	0.427994	-15.069211	-0.056232	True	0.104785	34.944075	0.936887	35.898779	0.487826	0.805048	0.092644	45.936560	0.999878	MITO_M2_016_y0x256
MITO_M2_016_y0x512.png	0.050115	0.001076	0.002151	0.006780	0.001278	0.995531	27.272546	0.999843	28.857725	0.009447	0.130642	3.142027	31.626849	0.867136	1007	4	0	0	8	1.111111	0.000000	9	5	26.485281	3.374965	0.000000						534.273624	0.009447	0.009447	4	0	4	0	8	1.111111	0.000000	4	0	9	5	1	5.297056	3.374965	26.485281	0.000000	25643	25.464747	65.080437	256x256	65536	sparse	Frangi	132	4												45	1000	40.844735	0.951509	0.999952	31.325451	0.990299	0.011117												True	0.050106	31.629957	0.867909	28.861920	0.318240	0.999917				MITO_M2_016_y0x512
MITO_M2_016_y256x256.png	0.014091	0.043116	0.082668	0.049894	0.240930	0.997128	27.230675	0.997879	34.106880	0.248750	0.206955	0.089117	32.477774	0.841102	3859	32	2	6	67	1.500000	0.062500	120	90	386.806133	4.410358	0.000000	-0.002225	-12.739721	-0.002732	-0.001357	-0.022453	1766.965628	0.248750	0.248750	32	2	30	6	67	1.500000	0.062500	32	1	120	90	47	4.297846	4.410358	386.806133	0.000000	33116	8.581498	16.982638	256x256	65536	sparse	Meijering	316	32	55	3798	41.596205	0.959970	37.278961	0.999236	0.271203	0.071880	37	0	0.421875	85	3846	42.362361	0.965485	0.999341	38.611587	0.076884	0.278623	531	29.412624	0.808058	0.984964	21.852146	0.212446	0.474807	-3.172082	0.135074	-9.118431	-0.118868	True	0.014078	32.477363	0.841312	34.160391	0.736403	0.065626	0.016315	39.970396	0.999860	MITO_M2_016_y256x256
MITO_M2_016_y256x512.png	0.143786	0.000000	0.000000	0.000000	0.000000	0.979690	23.800215	0.999855	24.227026	0.015706	0.144441	1.193968	18.341740	0.577925	1267	5	0	0	10	1.166667	0.000000	12	7	36.899495	3.246624	0.000000						659.823656	0.015706	0.015706	5	0	5	0	10	1.166667	0.000000	5	0	12	7	2	5.271356	3.246624	36.899495	0.000000	40023	31.588792	51.725335	256x256	65536	sparse	Frangi	141	5																															True	0.142716	18.341230	0.577825	24.222514	0.703860	0.840386				MITO_M2_016_y256x512
MITO_M2_016_y512x0.png	0.020578	0.000000	0.000000	0.000000	0.000000	0.997808	23.641990	0.999984	27.380370	0.000992	0.130642	2.749986	29.614906	0.844466	505	1	0	0	2	1.500000	0.000000	4	3	7.656854	2.877971	0.000000						523.491383	0.000992	0.000992	1	0	1	0	2	1.500000	0.000000	1	0	4	3	2	2.552285	2.877971	7.656854	0.000000	30857	61.102970	129.774257	256x256	65536	sparse	Frangi	39	1												2	496	35.380330	0.889183	0.999986	23.950159	1.000000	0.001012												True	0.020569	29.618054	0.845259	27.386916	0.362372	0.996517				MITO_M2_016_y512x0
MITO_M2_016_y512x256.png	0.171913	0.174511	0.297164	0.182392	0.801552	0.995875	26.483461	0.990664	34.760043	0.580800	0.435887	1.130061	30.401477	0.842672	8053	32	0	23	87	1.731092	0.000000	238	206	1016.962554	5.364186	0.000000	0.056203	-15.595957	-0.003898	-0.007043	0.177885	7780.386448	0.580800	0.580800	32	0	32	23	87	1.731092	0.000000	32	0	238	206	128	4.936711	5.364186	1016.962554	0.000000	33486	4.158202	8.138085	256x256	65536	sparse	Otsu	1025	32	87	7744	44.018509	0.972088	42.347369	0.997707	0.402915	0.546752	76	84	0.000000	92	7424	44.062643	0.972916	0.997782	42.617486	0.547794	0.408280	275	26.020434	0.753445	0.943663	20.468858	0.946066	0.319772	-7.587326	-0.110865	-13.617032	-0.129417	True	0.171810	30.411451	0.842646	34.770294	0.466342	0.526995	0.115709	42.079418	0.999773	MITO_M2_016_y512x256
MITO_M2_016_y512x512.png	0.007056	0.059567	0.112437	0.069577	0.292818	0.998915	28.201786	0.999232	31.149225	0.418116	0.207846	0.255935	28.650423	0.833786	3473	20	1	1	40	1.449275	0.050000	69	50	246.137085	4.287820	0.000000	-0.000377	-9.722269	-0.000966	-0.000380	0.007445	2242.455959	0.418116	0.418116	20	1	19	1	40	1.449275	0.050000	20	0	69	50	28	4.922742	4.287820	246.137085	0.000000	34142	9.830694	18.870141	256x256	65536	sparse	Otsu	336	20	44	3471	39.923859	0.950293	32.946442	0.999611	0.410671	0.083017	33	0	0.675000	81	3294	41.119382	0.956667	0.999740	36.063758	0.102141	0.405191	595	27.925098	0.809740	0.989233	18.433902	0.160543	0.515671	-1.797217	0.124829	-11.273436	-0.116508	True	0.007560	28.651590	0.833743	31.166524	0.405479	0.103776	0.007433	37.924055	0.999880	MITO_M2_016_y512x512
MITO_M2_017_y256x256.png	0.182260	0.029472	0.057256	0.039672	0.102837	0.997807	25.170264	0.998722	31.201404	0.361943	0.184735	0.300294	28.587274	0.786377	4757	33	0	3	69	1.388889	0.000000	108	75	341.693434	4.200273	0.000000	-0.034968	-11.973816	-0.001870	-0.000824	0.026653	2005.911350	0.361943	0.361943	33	0	33	3	69	1.388889	0.000000	33	0	108	75	36	4.555912	4.200273	341.693434	0.000000	37771	7.940088	13.776750	256x256	65536	dense	Meijering	495	33	60	4745	39.433353	0.946639	34.258180	0.999546	0.335290	0.202904	59	6	0.000000	82	4462	39.921276	0.946969	0.999658	36.914141	0.204473	0.335206	409	23.514572	0.686792	0.966777	14.585165	0.484296	0.238323	-3.056776	-0.018168	-10.846079	-0.160262	True	0.182764	28.584815	0.785968	31.200788	0.594783	0.178610	0.217228	37.144080	0.999677	MITO_M2_017_y256x256
MITO_M2_017_y256x512.png	0.205419	0.187355	0.315584	0.191911	0.887531	0.998626	25.940772	0.992999	32.995859	0.652297	0.746124	0.677361	31.637899	0.882935	6363	11	1	19	39	1.885714	0.090909	175	165	857.494516	7.390353	0.000000	-0.007399	-11.530131	-0.001074	-0.003754	-0.014612	4300.011396	0.652297	0.652297	11	1	10	19	39	1.885714	0.090909	11	1	175	165	117	5.196936	7.390353	857.494516	0.000000	31042	4.878516	10.299544	256x256	65536	sparse	Otsu	606	11	84	6263	42.157360	0.967562	37.791509	0.996753	0.666910	0.514868	24	11	0.000000	91	6360	43.739043	0.975728	0.998168	40.548708	0.393469	0.665382	343	24.687096	0.584176	0.932484	18.231970	0.831923	0.610280	-4.795650	0.231256	-10.519461	-0.084627	True	0.205673	31.638763	0.884788	33.015798	0.608590	0.412235	0.212818	37.470903	0.999700	MITO_M2_017_y256x512
MITO_M2_017_y512x0.png	0.029718	0.000000	0.000000	0.000000	0.000000	0.998011	20.709184	0.999975	26.139739	0.004014	0.113080	1.303405	25.594158	0.854655	479	1	0	0	2	1.000000	0.000000	2	1	5.414214	3.098713	0.000000						476.826668	0.004014	0.004014	1	0	1	0	2	1.000000	0.000000	1	0	2	1	0	5.414214	3.098713	5.414214	0.000000	22780	47.557411	136.818372	256x256	65536	dense	Frangi	55	1																															True	0.029641	25.595355	0.856526	26.154279	0.710616	0.926220				MITO_M2_017_y512x0
MITO_M2_017_y512x256.png	0.253820	0.122449	0.218182	0.150768	0.394641	0.997983	23.676556	0.998626	31.951821	0.394584	0.228278	0.466737	30.617363	0.829178	4733	23	0	3	49	1.458824	0.000000	85	62	318.906638	4.613851	0.000000	-0.039366	-12.841845	-0.001842	-0.000914	0.011420	2887.662888	0.394584	0.394584	23	0	23	3	49	1.458824	0.000000	23	0	85	62	33	5.143655	4.613851	318.906638	0.000000	36646	7.742658	13.846609	256x256	65536	dense	Meijering	584	23	67	4712	40.197888	0.945336	35.785318	0.999539	0.383164	0.279076	36	7	0.000000	84	4660	40.512271	0.947110	0.999587	37.238774	0.294304	0.381212	403	25.924911	0.759696	0.980587	17.613201	0.381217	0.354946	-3.833496	-0.050799	-9.580524	-0.116158	True	0.253640	30.625930	0.829184	31.963548	0.530995	0.247835	0.293186	36.518401	0.999824	MITO_M2_017_y512x256
MITO_M2_017_y512x512.png	0.265758	0.005648	0.011232	0.125461	0.005879	0.987924	21.864134	0.999954	28.397195	0.014764	0.156335	1.705661	21.615143	0.650732	1478	4	0	0	8	1.272727	0.000000	11	7	32.899495	3.205807	0.000000	-0.029833	-2.311449	-0.000726	0.000103	-0.005428	788.913488	0.014764	0.014764	4	0	4	0	8	1.272727	0.000000	4	0	11	7	3	4.699928	3.205807	32.899495	0.000000	38564	26.092016	44.341001	256x256	65536	dense	Frangi	226	4	3	1370	25.682944	0.627575	21.147101	0.999851	0.020192	0.443627	38	12	0.000000	10	1462	33.482832	0.880939	0.999954	25.983147	0.340875	0.022916								7.250094	-0.287292	-4.067801	0.023157	True	0.265691	21.614239	0.650557	28.399414	0.566717	0.966627	0.295590	24.175583	0.988651	MITO_M2_017_y512x512
MITO_M2_018_y0x0.png	0.262975	0.128860	0.228302	0.130038	0.934363	0.999318	34.967796	0.990690	35.758626	0.257101	0.916145	0.711192	34.291680	0.936166	10429	14	15	73	71	2.004545	1.071429	440	441	2100.072293	3.405788	0.000000	-0.014903	-8.900327	-0.000582	-0.007540	-0.017449	5965.203285	0.257101	0.257101	14	15	-1	73	71	2.004545	1.071429	15	15	440	441	296	4.762069	3.405788	2100.072293	0.000000	22677	2.174417	6.284016	256x256	65536	sparse	Learned	1604	15	95	9752	48.226345	0.989473	45.059262	0.998230	0.274551	0.290347	47	29	0.000000	100	10394	51.435409	0.993824	0.999167	49.172009	0.277071	0.267683	249	22.292936	0.435658	0.918135	18.399408	0.698806	0.193910	-9.300636	0.625798	-13.934665	-0.053307	True	0.262732	34.296324	0.936476	35.752544	0.520495	0.370171	0.277877	43.868123	0.999901	MITO_M2_018_y0x0
MITO_M2_018_y0x256.png	0.112864	0.001873	0.003740	0.025126	0.002020	0.994789	24.246022	0.999932	24.873149	0.008937	0.197481	2.666015	25.195496	0.838491	886	2	0	0	4	1.428571	0.000000	7	5	21.656854	3.587626	0.000000						700.713634	0.008937	0.008937	2	0	2	0	4	1.428571	0.000000	2	0	7	5	3	4.331371	3.587626	21.656854	0.000000	24088	27.187359	73.968397	256x256	65536	sparse	Frangi	134	2												23	880	38.025997	0.947917	0.999977	27.745541	0.999904	0.010208												True	0.112854	25.190922	0.840332	24.830518	0.374216	0.997666				MITO_M2_018_y0x256
MITO_M2_018_y0x512.png	0.247630	0.262500	0.415842	0.265356	0.960610	0.998849	33.400841	0.993713	34.603869	0.698893	0.885594	1.283627	33.399631	0.940850	5443	5	0	15	25	1.923077	0.000000	130	125	616.529004	7.342757	0.000000	0.017331	-8.673640	-0.000958	-0.004642	-0.000186	6940.761805	0.698893	0.698893	5	0	5	15	25	1.923077	0.000000	5	0	130	125	90	4.932232	7.342757	616.529004	0.000000	19021	3.494580	12.040419	256x256	65536	sparse	Otsu	732	5	92	5426	47.900383	0.990071	42.196419	0.998355	0.699080	0.435472	34	17	0.000000	96	4956	49.314510	0.991186	0.999074	44.837740	0.439841	0.696605	405	31.089113	0.751923	0.967889	24.064940	0.803088	0.656634	-7.592550	0.450122	-14.500751	-0.049222	True	0.248010	33.409873	0.942392	34.612105	0.419935	0.539040	0.230298	42.074482	0.999806	MITO_M2_018_y0x512
MITO_M2_018_y256x0.png	0.031856	0.082048	0.151653	0.097443	0.341808	0.996788	27.755402	0.998209	33.461243	0.312236	0.181815	0.221421	30.050310	0.812326	3758	30	0	2	62	1.387755	0.000000	98	68	316.563492	4.747229	0.000000	-0.003362	-11.454377	-0.002985	-0.001049	-0.006584	1868.896246	0.312236	0.312236	30	0	30	2	62	1.387755	0.000000	30	0	98	68	34	4.655345	4.747229	316.563492	0.000000	33458	8.903140	17.439063	256x256	65536	sparse	Meijering	282	30	51	3711	40.969588	0.957716	36.158289	0.999258	0.318821	0.072149	43	0	0.783333	83	3596	41.669766	0.962579	0.999376	37.358343	0.080030	0.323380	533	27.780564	0.787397	0.979439	19.685114	0.159610	0.487219	-2.697047	0.109666	-10.919278	-0.145390	True	0.029679	30.052997	0.811905	33.526676	0.382453	0.084683	0.035218	39.209779	0.999773	MITO_M2_018_y256x0
MITO_M2_018_y256x256.png	0.162256	0.161444	0.278005	0.164790	0.888280	0.998766	31.854304	0.994049	34.642558	0.491593	0.718606	1.637685	32.654167	0.893725	11134	30	18	81	107	1.951417	0.600000	494	482	2124.101731	3.283161	0.000000	0.006093	-10.265982	-0.001110	-0.004678	0.008912	2761.338711	0.491593	0.491593	30	18	12	81	107	1.951417	0.600000	30	17	494	482	306	4.406850	3.283161	2124.101731	0.000000	33288	2.989761	5.886115	256x256	65536	dense	Learned	1483	30	92	10128	44.142242	0.971658	42.630750	0.998728	0.482682	0.589149	42	71	0.000000	94	9862	45.094933	0.977119	0.999089	44.230237	0.534031	0.482822	247	25.241391	0.777672	0.943154	20.291392	0.843703	0.396497	-7.988192	0.129458	-11.488075	-0.077933	True	0.162316	32.658152	0.893780	34.645009	0.403892	0.661448	0.156163	42.120285	0.999877	MITO_M2_018_y256x256
MITO_M2_018_y256x512.png	0.415218	0.366157	0.536040	0.398202	0.819819	0.992610	31.743200	0.989920	34.633639	0.502603	0.743590	0.799766	30.840644	0.853341	16914	41	24	107	148	1.952045	0.585366	709	692	3140.034847	3.502246	0.000000	-0.006766	-11.097718	-0.006582	-0.008168	-0.002598	5086.353064	0.502603	0.502603	41	24	17	107	148	1.952045	0.585366	41	22	709	692	454	4.537623	3.502246	3140.034847	0.000000	37509	2.217630	3.874660	256x256	65536	dense	Learned	2339	41	94	16755	43.934641	0.979144	43.111864	0.998088	0.505201	0.591392	68	125	0.000000	96	15696	46.054853	0.987239	0.998935	45.692246	0.599426	0.504920	250	20.969986	0.593933	0.895895	17.377260	0.992701	0.364740	-8.478225	0.152197	-13.093997	-0.125803	True	0.415672	30.848262	0.853460	34.641656	0.686514	0.549051	0.421984	42.840918	0.999192	MITO_M2_018_y256x512
MITO_M2_018_y512x256.png	0.033240	0.070235	0.131252	0.103323	0.179873	0.994668	26.470636	0.998459	32.687048	0.344631	0.152636	0.225774	30.438619	0.821711	4225	32	1	2	65	1.340426	0.031250	94	63	266.551299	4.624971	0.000000	-0.175939	-12.803492	-0.004963	-0.000995	0.009113	1938.450813	0.344631	0.344631	32	1	31	2	65	1.340426	0.031250	32	0	94	63	27	4.230973	4.624971	266.551299	0.000000	33395	7.904142	15.511479	256x256	65536	dense	Meijering	439	32	60	4218	41.333768	0.963489	35.719895	0.999454	0.335519	0.252460	62	14	0.000000	85	4222	42.178867	0.966558	0.999604	38.355545	0.223177	0.365195	475	26.926926	0.728803	0.978266	18.429927	0.432586	0.269376	-3.032848	-0.099824	-10.895149	-0.141778	True	0.033768	30.438865	0.821875	32.713768	0.381217	0.086069	0.209178	39.274128	0.999631	MITO_M2_018_y512x256
MITO_M2_018_y512x512.png	0.106233	0.100884	0.183279	0.100884	1.000000	0.999888	37.096159	0.996058	35.701121	0.632613	0.645534	1.060954	38.147411	0.954290	3190	7	0	7	21	1.827160	0.000000	81	74	394.936075	6.878038	0.000000	-0.026767	-3.427508	-0.000056	-0.002435	-0.022278	3025.526285	0.632613	0.632613	7	0	7	7	21	1.827160	0.000000	7	0	81	74	53	5.336974	6.878038	394.936075	0.000000	18057	5.660502	20.544201	256x256	65536	sparse	Otsu	390	7	86	3180	47.876755	0.985340	41.059730	0.998493	0.654891	0.513896	15	12	0.000000	94	3062	49.047603	0.988644	0.998996	43.424076	0.540447	0.627323	671	40.379582	0.926144	0.993339	32.325055	0.637598	0.654949	-5.358609	0.131638	-9.729344	-0.031050	True	0.106193	38.162994	0.956141	35.713788	0.483149	0.512598	0.133000	40.523666	0.999944	MITO_M2_018_y512x512
MITO_M2_019_y256x512.png	0.238026	0.239819	0.386861	0.248242	0.876053	0.995446	25.491702	0.974519	31.156442	0.703762	0.992578	0.917556	26.065947	0.709524	11626	6	5	49	53	1.994169	0.833333	343	342	1670.964646	8.437139	0.000000	0.022792	-8.644100	-0.003506	-0.012035	0.029713	8038.017273	0.703762	0.703762	6	5	1	49	53	1.994169	0.833333	6	6	343	342	241	4.885862	8.437139	1670.964646	0.000000	43387	3.731894	5.637020	256x256	65536	sparse	Otsu	1078	6	80	11209	35.669794	0.923760	34.581295	0.986554	0.674048	0.662929	67	138	0.000000	82	11174	37.283020	0.951100	0.991315	36.266935	0.587140	0.673277	247	20.898832	0.473492	0.825434	18.826312	0.920341	0.585939	-3.424853	0.329649	-9.603847	-0.214236	True	0.235298	26.070660	0.709753	31.192290	0.861931	0.790870	0.215234	34.135802	0.998952	MITO_M2_019_y256x512
MITO_M2_019_y512x256.png	0.029760	0.048686	0.092852	0.048729	0.982456	0.999912	29.965331	0.991131	31.814431	0.594462	0.930285	5.418677	30.898226	0.835608	6913	6	0	24	36	1.938776	0.000000	196	190	897.381818	6.451368	0.000000	0.000270	-4.034666	-0.000051	-0.003838	0.005199	4038.083792	0.594462	0.594462	6	0	6	24	36	1.938776	0.000000	6	0	196	190	136	4.723062	6.451368	897.381818	0.000000	38750	5.605381	9.480110	256x256	65536	dense	Meijering	817	6	78	6699	38.363358	0.925856	34.956380	0.994969	0.589263	0.951523	6	23	0.000000	84	6096	38.993968	0.933548	0.996293	36.215273	0.941720	0.589166	274	25.304017	0.676017	0.943572	19.354381	0.996911	0.547568	-3.141950	-0.021238	-7.465132	-0.090249	True	0.029753	30.911374	0.836129	31.841971	0.184538	0.999950	0.029490	33.999997	0.999963	MITO_M2_019_y512x256
MITO_M2_019_y512x512.png	0.047390	0.063280	0.119027	0.064344	0.792844	0.999351	26.281379	0.997256	32.242402	0.454277	0.999012	1.806529	33.569009	0.875384	6795	3	13	50	32	2.079681	4.333333	251	261	1195.531096	3.151090	0.000000	0.000403	-8.836672	-0.000541	-0.001497	0.001301	2132.813692	0.454277	0.454277	3	13	-10	50	32	2.079681	4.333333	3	13	251	261	169	4.580579	3.151090	1195.531096	0.000000	36994	5.444297	9.644739	256x256	65536	dense	Learned	967	3	82	6488	39.694018	0.930339	36.225581	0.998753	0.452976	0.726688	14	24	0.000000	87	6398	40.646872	0.941982	0.999091	37.818711	0.612080	0.453164	277	28.396550	0.660921	0.987263	21.788411	0.995831	0.420779	-3.983180	0.272324	-6.125009	-0.054955	True	0.047373	33.568587	0.876843	32.233726	0.522886	0.944609	0.046987	35.118051	0.999892	MITO_M2_019_y512x512
MITO_M2_020_y256x256.png	0.088338	0.024087	0.047042	0.640000	0.024418	0.996071	18.845214	0.999995	27.918620	0.003370	0.164730	1.088675	23.316174	0.577685	815	2	0	0	4	1.428571	0.000000	7	5	18.071068	2.363394	0.000000						645.284891	0.003370	0.003370	2	0	2	0	4	1.428571	0.000000	2	0	7	5	3	3.614214	2.363394	18.071068	0.000000	43094	52.876074	80.412270	256x256	65536	dense	Frangi	98	2																															True	0.088365	23.316392	0.577823	27.923145	0.913274	0.994258				MITO_M2_020_y256x256
MITO_M2_020_y256x512.png	0.194149	0.204902	0.340113	0.210306	0.888565	0.998864	27.791644	0.976677	30.499097	0.708938	0.999987	0.906510	28.440036	0.778376	9324	2	4	29	25	2.016736	2.000000	239	241	1275.602164	9.398809	0.000000	-0.008137	-4.908172	-0.000751	-0.009617	-0.013701	5773.324728	0.708938	0.708938	2	4	-2	29	25	2.016736	2.000000	2	4	239	241	185	5.292955	9.398809	1275.602164	0.000000	43001	4.611862	7.028743	256x256	65536	sparse	Otsu	906	2	78	9002	35.628327	0.911582	33.152141	0.986294	0.722639	0.792186	27	74	0.000000	81	8564	36.947095	0.933853	0.990786	34.721341	0.844327	0.721434	250	20.555665	0.422859	0.834394	17.504516	0.999424	0.650434	-2.653044	0.207801	-7.188291	-0.133206	True	0.194183	28.438529	0.778847	30.538012	0.950213	0.861377	0.202286	32.699816	0.999615	MITO_M2_020_y256x512
MITO_M2_020_y512x256.png	0.205211	0.291175	0.451023	0.312490	0.810203	0.994861	24.803615	0.992704	29.881503	0.412812	0.997792	0.839102	26.251160	0.739161	14832	9	19	123	104	2.030769	2.111111	650	660	3125.922148	3.237670	0.000000	-0.006816	-9.246339	-0.004221	-0.004483	-0.001442	3006.554604	0.412812	0.412812	9	19	-10	123	104	2.030769	2.111111	9	20	650	660	423	4.736246	3.237670	3125.922148	0.000000	43724	2.947950	4.418554	256x256	65536	sparse	Learned	1632	9	85	14043	35.832275	0.924572	34.633525	0.997187	0.414255	0.751787	49	218	0.000000	86	14132	38.927950	0.966346	0.998633	37.770422	0.704376	0.414518	249	20.104207	0.439651	0.954196	17.044010	0.999725	0.372838	-4.752023	0.246004	-9.581115	-0.185411	True	0.205314	26.254496	0.739206	29.898176	0.987170	0.828337	0.212027	34.049954	0.999082	MITO_M2_020_y512x256
MITO_M2_020_y512x512.png	0.027196	0.042736	0.081969	0.042755	0.989924	0.999960	30.057915	0.989639	30.309861	0.618918	0.831362	3.138128	29.649500	0.798889	6532	8	4	22	31	1.950311	0.500000	161	157	808.068109	7.010861	0.000000	0.000994	-2.514728	-0.000014	-0.004105	0.020179	4314.360619	0.618918	0.618918	8	4	4	22	31	1.950311	0.500000	8	4	161	157	108	5.146931	7.010861	808.068109	0.000000	40731	6.235609	10.033068	256x256	65536	dense	Meijering	770	8	76	6448	36.631857	0.898205	33.051855	0.993743	0.598739	0.550361	29	29	0.000000	81	5872	37.549961	0.914557	0.995934	34.587174	0.385182	0.597366	339	26.661760	0.634375	0.950441	20.639760	0.990995	0.585895	-2.741993	0.281001	-6.982358	-0.099316	True	0.027205	29.659794	0.799696	30.330329	0.291071	0.913418	0.026201	32.572643	0.999974	MITO_M2_020_y512x512
