filename	gt_iou	seg_iou	seg_f1	seg_precision	seg_recall	gt_fg_ssim	gt_fg_psnr	ng_fg_ssim	ng_fg_psnr	ng_iou	ng_topo_q	topo_preservation	ng_psnr	ng_ssim	ng_bytes	graph_n_components	graph_n_cycles	graph_n_junctions	graph_n_endpoints	graph_mean_degree	graph_complexity	n_nodes	n_edges	total_edge_length	mean_width_px	mean_curvature	delta_gt_iou	delta_gt_fg_psnr	delta_gt_fg_ssim	delta_fg_ssim	delta_iou	total_time_ms	self_iou	ng_recon_iou	ng_n_components	ng_n_cycles	ng_euler_characteristic	ng_n_junctions	ng_n_endpoints	ng_mean_degree	ng_graph_complexity	ng_seg_beta_0	ng_seg_beta_1	graph_n_nodes	graph_n_edges	graph_n_sampled	graph_mean_edge_length	graph_mean_width	graph_total_edge_length	graph_mean_curvature	png_bytes	ng_vs_png	ng_vs_raw	image_shape	image_pixels	image_type	segmenter	n_points	n_structures	jpeg_quality	jpeg_bytes	jpeg_psnr	jpeg_ssim	jpeg_fg_psnr	jpeg_fg_ssim	jpeg_iou	jpeg_topo_q	jpeg_beta_0	jpeg_beta_1	jpeg_betti_preservation	webp_quality	webp_bytes	webp_psnr	webp_ssim	webp_fg_ssim	webp_fg_psnr	webp_topo_q	webp_iou	jp2_bytes	jp2_psnr	jp2_ssim	jp2_fg_ssim	jp2_fg_psnr	jp2_topo_q	jp2_iou	delta_fg_psnr	delta_topo_q	delta_psnr	delta_ssim	gt_available	pre_gt_iou	pre_ng_psnr	pre_ng_ssim	pre_ng_fg_psnr	gt_topology_q	recon_topology_q	jpeg_gt_iou	jpeg_gt_fg_psnr	jpeg_gt_fg_ssim	stem
irm_in_vitro_microtubules_0.png	0.027064	0.612916	0.760010	0.733806	0.788154	0.991985	17.841950	0.996038	20.991562	0.031555	0.869123	0.329059	17.221428	0.161556	27174	40	0	34	115	1.907193	0.000000	862	822	4571.933475	2.422839	0.000000	0.001542	-1.407724	-0.001837	0.001839	0.004416	10480.959654	0.031555	0.031555	40	0	40	34	115	1.907193	0.000000	40	2	862	822	713	5.561963	2.422839	4571.933475	0.000000	236897	8.717782	9.646868	512x512	262144	sparse	Learned	2062	40	16	26968	20.428434	0.622691	19.256239	0.994199	0.027138	1.000000	48	6910	0.000000	2	24404	21.006701	0.683590	0.995698	20.496656	1.000000	0.032978	982	17.298552	0.120278	0.978236	13.190327	1.000000	0.023279	1.735323	-0.130877	-3.207006	-0.461135	True	0.027065	17.222716	0.161592	20.993710	0.927983	0.305361	0.025522	19.249675	0.993822	irm_in_vitro_microtubules_0
irm_in_vitro_microtubules_1.png	0.001290	0.569009	0.725310	0.622222	0.869340	0.999642	18.346053	0.999707	19.781205	0.002106	0.522886	1.967126	16.146928	0.046716	2746	5	0	0	10	1.722222	0.000000	36	31	218.107648	2.446365	0.000000						3811.513186	0.002106	0.002106	5	0	5	0	10	1.722222	0.000000	5	0	36	31	26	7.035731	2.446365	218.107648	0.000000	247631	90.178806	95.463948	512x512	262144	sparse	Learned	267	5																															True	0.001290	16.146855	0.046715	19.781040	0.508356	1.000000				irm_in_vitro_microtubules_1
irm_in_vitro_microtubules_10.png	0.014189	0.480073	0.648715	0.654263	0.643261	0.991468	13.711977	0.999046	23.332612	0.008554	0.634478	1.446349	18.731572	0.133845	11041	28	0	1	57	1.802120	0.000000	283	255	1513.962554	2.588748	0.000000	0.007234	-5.016944	-0.004705	0.001523	0.001055	4247.732401	0.008554	0.008554	28	0	28	1	57	1.802120	0.000000	28	0	283	255	225	5.937108	2.588748	1513.962554	0.000000	223008	20.198170	23.742777	512x512	262144	sparse	Learned	995	28	6	9845	20.721603	0.475875	19.086720	0.997523	0.007499	1.000000	59	3268	0.000000									13215	21.841840	0.558151	0.998650	21.855220	0.999999	0.007203	4.245893	-0.365522	-1.990031	-0.342030	True	0.014180	18.732670	0.133843	23.332453	0.452650	0.654690	0.006955	18.728921	0.996173	irm_in_vitro_microtubules_10
irm_in_vitro_microtubules_11.png	0.015490	0.495297	0.662473	0.662141	0.662805	0.991354	14.203337	0.999130	24.754727	0.010710	0.586742	1.695431	19.294285	0.165870	13131	38	0	4	80	1.791209	0.000000	364	326	1797.986940	2.524928	0.000000	0.008027	-6.418194	-0.005611	0.001311	0.002503	4531.617403	0.010710	0.010710	38	0	38	4	80	1.791209	0.000000	38	0	364	326	280	5.515297	2.524928	1797.986940	0.000000	211498	16.106770	19.963750	512x512	262144	sparse	Learned	1129	38	7	11821	22.342416	0.599498	20.609304	0.997819	0.008207	0.999452	136	3127	0.000000	1	10810	22.779527	0.532483	0.998171	21.360941	1.000000	0.011801	2369	20.468428	0.264470	0.994135	16.290505	1.000000	0.007680	4.145423	-0.412710	-3.048130	-0.433628	True	0.015413	19.295103	0.165876	24.754084	0.437334	0.741469	0.007463	20.621531	0.996965	irm_in_vitro_microtubules_11
irm_in_vitro_microtubules_12.png	0.005321	0.563727	0.721004	0.739036	0.703832	0.996549	13.496976	0.999669	24.426713	0.004176	0.597842	2.103149	18.896804	0.106488	5146	11	0	0	22	1.796296	0.000000	108	97	526.036580	2.654333	0.000000	0.004004	-3.233455	-0.000614	0.001328	0.002468	3788.164377	0.004176	0.004176	11	0	11	0	22	1.796296	0.000000	11	0	108	97	86	5.423058	2.654333	526.036580	0.000000	214376	41.658764	50.941314	512x512	262144	sparse	Learned	476	11	3	4822	19.494200	0.271275	17.105312	0.998341	0.001708	0.545149	465	270	0.000000																7.321402	0.052693	-0.597396	-0.164786	True	0.005321	18.897160	0.106489	24.425721	0.475476	0.999996	0.001317	16.730430	0.997163	irm_in_vitro_microtubules_12
irm_in_vitro_microtubules_13.png	0.012780	0.476625	0.645560	0.828857	0.528652	0.992600	12.631242	0.999736	26.785520	0.002930	0.520609	1.643457	21.538177	0.224976	6696	21	1	1	41	1.748428	0.047619	159	139	803.362482	2.499034	0.000000	0.008669	-7.262381	-0.005114	0.000905	0.000799	3665.861368	0.002930	0.002930	21	1	20	1	41	1.748428	0.047619	21	1	159	139	117	5.779586	2.499034	803.362482	0.000000	195640	29.217443	39.149343	512x512	262144	sparse	Learned	617	21	5	5806	23.539024	0.429745	20.292249	0.998831	0.002131	0.961483	186	976	0.000000	1	6362	24.884926	0.468267	0.999200	21.821172	1.000000	0.004613	22610	28.209896	0.794141	0.999833	28.559810	0.953732	0.002519	6.493271	-0.440875	-2.000847	-0.204769	True	0.012779	21.538087	0.224980	26.787573	0.344085	0.565489	0.004111	19.893623	0.997714	irm_in_vitro_microtubules_13
irm_in_vitro_microtubules_14.png	0.010924	0.431395	0.602761	0.666956	0.549839	0.989832	11.821903	0.999643	26.696372	0.003926	0.551953	1.981021	21.232831	0.221800	7460	21	0	3	45	1.752941	0.000000	170	149	904.428499	2.623317	0.000000	0.008268	-7.875932	-0.007065	0.001083	0.000603	3982.948303	0.003926	0.003926	21	0	21	3	45	1.752941	0.000000	21	0	170	149	122	6.069990	2.623317	904.428499	0.000000	193899	25.991823	35.139946	512x512	262144	sparse	Learned	671	21	5	6352	23.484913	0.469614	20.183226	0.998560	0.003323	1.000000	9	1074	0.000000	1	6990	24.929988	0.503894	0.999063	22.053090	1.000000	0.006160	20336	28.224686	0.805628	0.999777	28.199189	0.999858	0.002642	6.513146	-0.448047	-2.252082	-0.247815	True	0.010924	21.233614	0.221810	26.694701	0.331279	0.656270	0.002656	19.697835	0.996896	irm_in_vitro_microtubules_14
irm_in_vitro_microtubules_15.png	0.017566	0.607474	0.755812	0.749128	0.762616	0.993437	16.856884	0.998514	23.592076	0.015526	0.727922	0.658190	17.215793	0.125968	17210	36	0	7	79	1.852459	0.000000	488	452	2623.873375	2.469712	0.000000	0.005661	-3.526788	-0.002863	0.001584	0.002896	4565.587997	0.015526	0.015526	36	0	36	7	79	1.852459	0.000000	36	0	488	452	402	5.805030	2.469712	2623.873375	0.000000	222417	12.923707	15.232074	512x512	262144	sparse	Learned	1346	36	8	17057	21.215586	0.699017	20.265205	0.996930	0.012631	1.000000	66	4004	0.000000	1	15994	21.653857	0.681064	0.997471	21.067793	1.000000	0.013772	1843	17.816764	0.219719	0.988948	14.578874	1.000000	0.010717	3.326871	-0.272078	-3.999793	-0.573049	True	0.017549	17.215998	0.125994	23.596594	0.638997	0.420581	0.011905	20.383672	0.996300	irm_in_vitro_microtubules_15
irm_in_vitro_microtubules_16.png	0.018128	0.627922	0.771440	0.770304	0.772579	0.993536	16.745334	0.998398	23.026811	0.016767	0.838214	0.609477	16.920793	0.120971	18186	27	0	14	68	1.892216	0.000000	501	474	2715.322077	2.498069	0.000000	0.005173	-2.956599	-0.002322	0.001823	0.003111	5059.989214	0.016767	0.016767	27	0	27	14	68	1.892216	0.000000	27	0	501	474	419	5.728528	2.498069	2715.322077	0.000000	228020	12.538216	14.414605	512x512	262144	sparse	Learned	1506	27	8	17400	20.460745	0.665852	19.610674	0.996576	0.013656	1.000000	65	4508	0.000000	1	18072	21.111789	0.681366	0.997389	20.728082	0.999998	0.015105	1739	17.415607	0.200796	0.988195	14.179272	1.000000	0.012427	3.416137	-0.161786	-3.539952	-0.544880	True	0.018140	16.920571	0.120968	23.030562	0.682522	0.415982	0.012955	19.701933	0.995858	irm_in_vitro_microtubules_16
irm_in_vitro_microtubules_17.png	0.004031	0.630355	0.773274	0.713694	0.843706	0.998533	17.537811	0.999371	21.250599	0.004865	0.617107	0.976207	14.832734	0.048169	6171	13	1	2	26	1.820896	0.076923	134	122	674.960461	2.462516	0.000000						4011.310101	0.004865	0.004865	13	1	12	2	26	1.820896	0.076923	13	1	134	122	106	5.532463	2.462516	674.960461	0.000000	246960	40.019446	42.479987	512x512	262144	sparse	Learned	538	13																				24559	18.714463	0.710995	0.998788	18.361160	0.996139	0.004788					True	0.004032	14.832478	0.048167	21.250092	0.613811	0.599206				irm_in_vitro_microtubules_17
irm_in_vitro_microtubules_18.png	0.004909	0.531952	0.694476	0.788836	0.620279	0.997378	14.193968	0.999613	23.472078	0.001941	0.547967	1.476520	18.264375	0.083256	4343	10	0	0	20	1.761905	0.000000	84	74	439.190909	2.634160	0.000000						3791.347027	0.001941	0.001941	10	0	10	0	20	1.761905	0.000000	10	0	84	74	64	5.935012	2.634160	439.190909	0.000000	220378	50.743265	60.360120	512x512	262144	sparse	Learned	393	10																															True	0.004902	18.263554	0.083253	23.470023	0.460859	0.680467				irm_in_vitro_microtubules_18
irm_in_vitro_microtubules_19.png	0.005180	0.670174	0.802520	0.763310	0.845977	0.998920	19.592395	0.999658	24.674786	0.006806	0.683815	1.111843	21.741669	0.189142	7084	14	0	1	29	1.836257	0.000000	171	157	897.624458	2.522905	0.000000	0.000752	0.449155	0.000223	0.000782	0.001366	3855.931520	0.006806	0.006806	14	0	14	1	29	1.836257	0.000000	14	0	171	157	141	5.717353	2.522905	897.624458	0.000000	205088	28.950875	37.005082	512x512	262144	sparse	Learned	698	14	6	6202	22.898590	0.361194	19.380211	0.998876	0.005441	1.000000	7	1511	0.000000	1	6806	23.852163	0.394043	0.999238	20.929342	1.000000	0.008564	21545	26.282971	0.717324	0.999735	25.501876	1.000000	0.006099	5.294575	-0.316185	-1.156920	-0.172051	True	0.005165	21.740385	0.189132	24.676223	0.627959	0.698192	0.004428	19.143239	0.998697	irm_in_vitro_microtubules_19
irm_in_vitro_microtubules_2.png	0.005348	0.244347	0.392732	0.500406	0.323190	0.997803	12.406688	0.999682	19.547842	0.001745	0.588522	2.884731	15.545553	0.041975	3028	5	0	0	10	1.777778	0.000000	45	40	248.066017	2.458900	0.000000						3508.693457	0.001745	0.001745	5	0	5	0	10	1.777778	0.000000	5	0	45	40	35	6.201650	2.458900	248.066017	0.000000	249873	82.520806	86.573316	512x512	262144	sparse	Learned	294	5																															True	0.005348	15.545545	0.041973	19.550393	0.291220	0.840092				irm_in_vitro_microtubules_2
irm_in_vitro_microtubules_20.png	0.001180	0.593458	0.744868	0.753262	0.736659	0.999159	13.427652	0.999833	21.263252	0.000885	0.658133	1.634342	16.445134	0.047371	2254	3	0	0	6	1.812500	0.000000	32	29	167.941125	2.624114	0.000000						3096.771717	0.000885	0.000885	3	0	3	0	6	1.812500	0.000000	3	0	32	29	26	5.791073	2.624114	167.941125	0.000000	244750	108.584738	116.301686	512x512	262144	sparse	Learned	253	3																															True	0.001184	16.445404	0.047371	21.265584	0.519054	0.848311				irm_in_vitro_microtubules_20
irm_in_vitro_microtubules_21.png	0.004055	0.537754	0.699402	0.806786	0.617246	0.998672	15.501081	0.999839	24.673339	0.001720	0.593430	1.484992	20.931155	0.143775	3378	7	0	1	15	1.797101	0.000000	69	62	340.308658	2.594391	0.000000						3421.385765	0.001720	0.001720	7	0	7	1	15	1.797101	0.000000	7	0	69	62	53	5.488849	2.594391	340.308658	0.000000	208648	61.766726	77.603316	512x512	262144	sparse	Learned	349	7																															True	0.004055	20.930871	0.143775	24.670688	0.428791	0.636751				irm_in_vitro_microtubules_21
irm_in_vitro_microtubules_22.png	0.004459	0.343768	0.511648	0.811218	0.373661	0.998336	12.893552	0.999938	24.551460	0.001138	0.472708	3.571505	20.096198	0.114592	1983	4	0	0	8	1.714286	0.000000	28	24	137.254834	2.634404	0.000000						3396.801472	0.001138	0.001138	4	0	4	0	8	1.714286	0.000000	4	0	28	24	20	5.718951	2.634404	137.254834	0.000000	213190	107.508825	132.195663	512x512	262144	sparse	Learned	219	4																															True	0.004459	20.096738	0.114594	24.553162	0.274705	0.981109				irm_in_vitro_microtubules_22
irm_in_vitro_microtubules_23.png	0.002594	0.498280	0.665136	0.783589	0.577793	0.998112	12.651820	0.999816	23.028106	0.000982	0.588522	2.297988	16.761809	0.054054	2478	5	0	0	10	1.782609	0.000000	46	41	229.426407	2.452203	0.000000						3745.821714	0.000982	0.000982	5	0	5	0	10	1.782609	0.000000	5	0	46	41	36	5.595766	2.452203	229.426407	0.000000	234312	94.556901	105.788539	512x512	262144	sparse	Learned	289	5																															True	0.002590	16.761759	0.054054	23.029786	0.374998	0.861740				irm_in_vitro_microtubules_23
irm_in_vitro_microtubules_24.png	0.002089	0.557540	0.715924	0.796034	0.650463	0.998990	14.512290	0.999849	23.299331	0.001142	0.563078	2.026170	17.732931	0.066209	2568	5	0	0	10	1.761905	0.000000	42	37	212.355339	2.348173	0.000000						3615.755081	0.001142	0.001142	5	0	5	0	10	1.761905	0.000000	5	0	42	37	32	5.739333	2.348173	212.355339	0.000000	231552	90.168224	102.080997	512x512	262144	sparse	Learned	281	5																															True	0.002067	17.733028	0.066206	23.291312	0.438856	0.889197				irm_in_vitro_microtubules_24
irm_in_vitro_microtubules_25.png	0.004789	0.551926	0.711279	0.775660	0.656766	0.998948	17.804435	0.999784	23.937543	0.003507	0.643884	1.264753	19.529004	0.117269	4390	8	0	0	16	1.809524	0.000000	84	76	478.730014	2.502038	0.000000						3573.627234	0.003507	0.003507	8	0	8	0	16	1.809524	0.000000	8	0	84	76	68	6.299079	2.502038	478.730014	0.000000	216517	49.320501	59.713895	512x512	262144	sparse	Learned	436	8																															True	0.004778	19.528654	0.117269	23.935967	0.483837	0.611935				irm_in_vitro_microtubules_25
irm_in_vitro_microtubules_26.png	0.002597	0.598662	0.748954	0.942105	0.621528	0.999608	18.758829	0.999938	25.732135	0.001149	0.505397	1.933605	20.270979	0.136818	2199	5	0	0	10	1.729730	0.000000	37	32	192.539105	2.461192	0.000000						3340.632677	0.001149	0.001149	5	0	5	0	10	1.729730	0.000000	5	0	37	32	27	6.016847	2.461192	192.539105	0.000000	206245	93.790359	119.210550	512x512	262144	sparse	Learned	263	5																															True	0.002608	20.272477	0.136820	25.746431	0.397499	0.768607				irm_in_vitro_microtubules_26
irm_in_vitro_microtubules_27.png	0.002722	0.568410	0.724823	0.723545	0.726106	0.999318	19.077434	0.999792	24.863573	0.002152	0.687408	1.194840	19.538570	0.114516	4073	7	0	0	14	1.831325	0.000000	83	76	440.178716	2.587688	0.000000						3666.227818	0.002152	0.002152	7	0	7	0	14	1.831325	0.000000	7	0	83	76	69	5.791825	2.587688	440.178716	0.000000	212308	52.125706	64.361404	512x512	262144	sparse	Learned	419	7																															True	0.002711	19.537596	0.114513	24.862863	0.608503	0.727064				irm_in_vitro_microtubules_27
irm_in_vitro_microtubules_28.png	0.002955	0.561619	0.719278	0.781151	0.666487	0.999326	17.618607	0.999867	25.499542	0.001996	0.525266	1.479414	20.752228	0.154421	3187	8	0	0	16	1.746032	0.000000	63	55	317.338095	2.440761	0.000000						3577.523708	0.001996	0.001996	8	0	8	0	16	1.746032	0.000000	8	0	63	55	47	5.769784	2.440761	317.338095	0.000000	205003	64.324757	82.254158	512x512	262144	sparse	Learned	332	8																															True	0.002955	20.752360	0.154422	25.494313	0.424622	0.628191				irm_in_vitro_microtubules_28
irm_in_vitro_microtubules_29.png	0.023935	0.621820	0.766818	0.739297	0.796467	0.994600	18.217642	0.997431	21.626446	0.026349	0.875472	0.333440	16.169699	0.117172	22624	31	2	17	75	1.912121	0.064516	660	631	3537.169840	2.587605	0.000000	0.002246	-0.224101	-0.000061	0.002703	0.003242	5136.144638	0.026349	0.026349	31	2	29	17	75	1.912121	0.064516	31	2	660	631	568	5.605657	2.587605	3537.169840	0.000000	241824	10.688826	11.586987	512x512	262144	sparse	Learned	1792	31	10	22623	18.842853	0.620808	18.479827	0.994728	0.023107	0.999565	184	6396	0.000000									1228	16.358336	0.115751	0.985638	13.941378	1.000000	0.024419	3.146619	-0.124093	-2.673154	-0.503637	True	0.023937	16.168463	0.117128	21.631088	0.979893	0.326735	0.021688	18.441743	0.994661	irm_in_vitro_microtubules_29
irm_in_vitro_microtubules_3.png	0.031007	0.562760	0.720213	0.765311	0.680134	0.992823	18.017371	0.998679	26.075464	0.018334	0.820367	0.428197	18.557350	0.210197	21166	38	0	13	89	1.887240	0.000000	674	636	3752.950719	2.432260	0.000000	0.005556	-7.447104	-0.005530	0.000134	0.001957	4860.556602	0.018334	0.018334	38	0	38	13	89	1.887240	0.000000	38	0	674	636	572	5.900866	2.432260	3752.950719	0.000000	198496	9.378059	12.385146	512x512	262144	sparse	Learned	1793	38	14	20602	26.680071	0.841941	25.302112	0.998545	0.016377	1.000000	43	2713	0.000000	9	20160	26.703536	0.829788	0.998422	24.924708	1.000000	0.017816	1577	19.790356	0.306301	0.988205	15.779793	1.000000	0.016439	0.773352	-0.179633	-8.122721	-0.631744	True	0.031045	18.557612	0.210201	26.080216	0.863305	0.369665	0.025451	25.464475	0.998353	irm_in_vitro_microtubules_3
irm_in_vitro_microtubules_30.png	0.002857	0.414299	0.585872	0.841713	0.449304	0.998487	11.074068	0.999918	22.495276	0.001015	0.496749	2.822057	17.207761	0.053956	1707	3	0	0	6	1.727273	0.000000	22	19	109.526912	2.368042	0.000000						3245.374918	0.001015	0.001015	3	0	3	0	6	1.727273	0.000000	3	0	22	19	16	5.764574	2.368042	109.526912	0.000000	236543	138.572349	153.570006	512x512	262144	sparse	Learned	204	3																															True	0.002876	17.208057	0.053958	22.496555	0.354351	1.000000				irm_in_vitro_microtubules_30
irm_in_vitro_microtubules_31.png	0.001480	0.791667	0.883721	0.892265	0.875339	0.999692	18.107139	0.999829	20.083681	0.001389	0.448437	2.151747	14.606400	0.031213	2141	4	0	0	8	1.714286	0.000000	28	24	128.669048	2.744304	0.000000						2854.553699	0.001389	0.001389	4	0	4	0	8	1.714286	0.000000	4	0	28	24	20	5.361210	2.744304	128.669048	0.000000	256446	119.778608	122.439981	512x512	262144	sparse	Learned	210	4																															True	0.001484	14.606578	0.031215	20.083499	0.464739	1.000000				irm_in_vitro_microtubules_31
irm_in_vitro_microtubules_32.png	0.021974	0.705950	0.827633	0.857818	0.799500	0.995921	19.870080	0.998632	24.537128	0.022207	0.873858	0.495553	19.417129	0.189401	20762	29	0	18	77	1.903494	0.000000	601	572	3379.586145	2.461337	0.000000	-0.003201	-2.371064	-0.001741	0.000853	0.003030	5295.518637	0.022207	0.022207	29	0	29	18	77	1.903494	0.000000	29	0	601	572	506	5.908367	2.461337	3379.586145	0.000000	212410	10.230710	12.626144	512x512	262144	sparse	Learned	1712	29	13	20602	23.826070	0.708652	22.165470	0.997779	0.019177	1.000000	17	5745	0.000000	5	19062	24.235297	0.692954	0.998199	23.087662	1.000000	0.025604	1582	20.115381	0.211961	0.988986	15.159473	1.000000	0.018011	2.371659	-0.126142	-4.408941	-0.519251	True	0.021996	19.418220	0.189410	24.541680	0.812066	0.402422	0.025176	22.241145	0.997662	irm_in_vitro_microtubules_32
irm_in_vitro_microtubules_33.png	0.003538	0.622071	0.767008	0.809297	0.728919	0.997892	17.801485	0.999658	27.865855	0.001941	0.638050	1.215730	24.445562	0.422972	7048	16	0	2	34	1.808383	0.000000	167	151	940.317893	2.517166	0.000000	-0.002613	-6.576350	-0.001355	0.000354	-0.002365	4145.662069	0.001941	0.001941	16	0	16	2	34	1.808383	0.000000	16	0	167	151	131	6.227271	2.517166	940.317893	0.000000	160997	22.842934	37.194098	512x512	262144	sparse	Learned	658	16	8	6641	28.420937	0.643219	24.341167	0.999303	0.004306	1.000000	4	77	0.000000	9	6882	30.144622	0.690085	0.999408	25.035777	1.000000	0.004665	21746	35.477481	0.918793	0.999942	34.991949	1.000000	0.004579	3.524688	-0.361950	-3.975375	-0.220247	True	0.003549	24.448971	0.422974	27.870270	0.568721	0.691411	0.006151	24.377835	0.999247	irm_in_vitro_microtubules_33
irm_in_vitro_microtubules_34.png	0.014202	0.570055	0.726160	0.915134	0.601874	0.997123	17.506262	0.999651	25.398734	0.007405	0.691567	0.954492	21.709441	0.200336	7977	16	0	6	38	1.846154	0.000000	208	192	1040.151370	2.530475	0.000000	0.001587	-3.279800	-0.001385	0.000743	0.001897	4071.343184	0.007405	0.007405	16	0	16	6	38	1.846154	0.000000	16	0	208	192	164	5.417455	2.530475	1040.151370	0.000000	200807	25.173248	32.862480	512x512	262144	sparse	Learned	731	16	7	7868	23.644691	0.473928	20.384493	0.998908	0.005508	1.000000	16	2439	0.000000	1	6422	24.204061	0.412884	0.999144	21.367798	1.000000	0.010118	18798	26.592832	0.722013	0.999655	25.359976	1.000000	0.005979	5.014241	-0.308433	-1.935250	-0.273593	True	0.014210	21.709527	0.200356	25.405773	0.636773	0.607795	0.012615	20.786062	0.998508	irm_in_vitro_microtubules_34
irm_in_vitro_microtubules_35.png	0.012713	0.590880	0.742835	0.721186	0.765824	0.997577	18.968867	0.999281	25.038169	0.012513	0.751960	0.667157	20.669674	0.195096	12816	24	0	7	55	1.861671	0.000000	347	323	1923.209378	2.453450	0.000000	0.001825	-2.343180	-0.000673	0.000902	0.002042	4539.747000	0.012513	0.012513	24	0	24	7	55	1.861671	0.000000	24	0	347	323	285	5.954209	2.453450	1923.209378	0.000000	204254	15.937422	20.454432	512x512	262144	sparse	Learned	1070	24	9	11992	23.934927	0.595903	21.244455	0.998379	0.010472	1.000000	18	3821	0.000000	3	11310	24.465353	0.552489	0.998714	22.190713	1.000000	0.015428	2629	22.167418	0.301654	0.996150	17.531080	1.000000	0.012091	3.793715	-0.248040	-3.265254	-0.400807	True	0.012754	20.669420	0.195086	25.041644	0.726102	0.484424	0.010888	21.312047	0.998250	irm_in_vitro_microtubules_35
irm_in_vitro_microtubules_36.png	0.001992	0.590284	0.742363	0.688770	0.805000	0.998397	14.400334	0.999775	24.017608	0.002461	0.563951	2.004667	21.928904	0.172164	3893	8	0	0	16	1.771429	0.000000	70	62	368.320851	2.537534	0.000000						3639.199734	0.002461	0.002461	8	0	8	0	16	1.771429	0.000000	8	0	70	62	54	5.940659	2.537534	368.320851	0.000000	201601	51.785512	67.337272	512x512	262144	sparse	Learned	374	8																															True	0.002014	21.929956	0.172162	24.018175	0.396925	0.795703				irm_in_vitro_microtubules_36
irm_in_vitro_microtubules_37.png	0.004370	0.543213	0.704003	0.681315	0.728253	0.998224	15.381964	0.999803	25.837050	0.004293	0.699408	1.160805	21.771408	0.188225	5745	10	0	0	20	1.836066	0.000000	122	112	636.563492	2.470776	0.000000	0.000894	-3.983654	-0.000737	0.000701	0.000633	3841.545820	0.004293	0.004293	10	0	10	0	20	1.836066	0.000000	10	0	122	112	102	5.683603	2.470776	636.563492	0.000000	196895	34.272411	45.629939	512x512	262144	sparse	Learned	579	10	5	5741	23.187429	0.401870	19.370825	0.999102	0.003660	1.000000	7	1408	0.000000																6.466224	-0.300592	-1.416022	-0.213644	True	0.004363	21.770100	0.188217	25.848826	0.570938	0.662747	0.003476	19.365618	0.998961	irm_in_vitro_microtubules_37
irm_in_vitro_microtubules_38.png	0.004235	0.460349	0.630464	0.800520	0.520000	0.997586	11.744549	0.999834	23.837957	0.001678	0.570013	2.567972	19.399346	0.097003	2841	5	0	0	10	1.807692	0.000000	52	47	227.124892	2.476763	0.000000						3490.908146	0.001678	0.001678	5	0	5	0	10	1.807692	0.000000	5	0	52	47	42	4.832445	2.476763	227.124892	0.000000	217436	76.535023	92.271735	512x512	262144	sparse	Learned	291	5																															True	0.004235	19.399266	0.097002	23.837179	0.389412	1.000000				irm_in_vitro_microtubules_38
irm_in_vitro_microtubules_39.png	0.004219	0.533684	0.695950	0.743180	0.654364	0.998262	13.537108	0.999861	24.190919	0.003391	0.624689	2.176946	20.474139	0.116288	3459	6	0	0	12	1.800000	0.000000	60	54	309.953319	2.443316	0.000000						3710.873127	0.003391	0.003391	6	0	6	0	12	1.800000	0.000000	6	0	60	54	48	5.739876	2.443316	309.953319	0.000000	217281	62.816132	75.786065	512x512	262144	sparse	Learned	365	6																															True	0.004215	20.474117	0.116287	24.189298	0.459359	1.000000				irm_in_vitro_microtubules_39
irm_in_vitro_microtubules_4.png	0.007162	0.562500	0.720000	0.814575	0.645101	0.997924	16.366406	0.999353	20.607740	0.004893	0.625266	1.060798	17.440074	0.073402	6202	13	0	1	27	1.804511	0.000000	133	120	683.818326	2.549661	0.000000	0.000184	0.271245	0.000306	0.001365	0.001011	3732.337713	0.004893	0.004893	13	0	13	1	27	1.804511	0.000000	13	0	133	120	105	5.698486	2.549661	683.818326	0.000000	241233	38.896001	42.267656	512x512	262144	sparse	Learned	564	13	4	5092	17.758767	0.165732	15.808412	0.997988	0.003883	1.000000	13	1481	0.000000									24480	20.153438	0.627738	0.999149	19.435328	1.000000	0.005128	4.799328	-0.374734	-0.318693	-0.092330	True	0.007162	17.440136	0.073399	20.609437	0.578329	0.613490	0.006978	16.095160	0.997619	irm_in_vitro_microtubules_4
irm_in_vitro_microtubules_40.png	0.003386	0.499771	0.666463	0.840927	0.551951	0.997705	12.567922	0.999854	24.207342	0.001405	0.645129	2.130154	19.489123	0.098369	2849	5	0	0	10	1.811321	0.000000	53	48	266.840620	2.431216	0.000000						3576.046944	0.001405	0.001405	5	0	5	0	10	1.811321	0.000000	5	0	53	48	43	5.559180	2.431216	266.840620	0.000000	217239	76.250965	92.012636	512x512	262144	sparse	Learned	326	5																															True	0.003386	19.489105	0.098368	24.204158	0.424011	0.903209				irm_in_vitro_microtubules_40
irm_in_vitro_microtubules_41.png	0.009010	0.480710	0.649297	0.862809	0.520494	0.997704	16.803217	0.999743	25.481403	0.002564	0.606103	0.785254	18.554499	0.125457	5356	12	0	1	25	1.809524	0.000000	126	114	614.516811	2.494524	0.000000	0.002555	-0.896574	-0.000175	0.001169	0.000246	3932.353735	0.002564	0.002564	12	0	12	1	25	1.809524	0.000000	12	0	126	114	100	5.390498	2.494524	614.516811	0.000000	203649	38.022591	48.943988	512x512	262144	sparse	Learned	521	12	2	5150	19.486677	0.349534	17.624189	0.998574	0.002318	0.853995	238	311	0.000000																7.857213	-0.247892	-0.932178	-0.224077	True	0.008990	18.554428	0.125447	25.483737	0.593002	0.465657	0.006455	17.699791	0.997879	irm_in_vitro_microtubules_41
irm_in_vitro_microtubules_42.png	0.008715	0.514981	0.679851	0.766802	0.610611	0.998097	17.031239	0.999826	27.083098	0.004764	0.480038	1.717812	21.156487	0.218194	5798	20	0	1	41	1.745223	0.000000	157	137	679.977705	2.495188	0.000000	0.002117	-1.886765	-0.000379	0.000931	-0.000885	3930.927038	0.004764	0.004764	20	0	20	1	41	1.745223	0.000000	20	0	157	137	115	4.963341	2.495188	679.977705	0.000000	194415	33.531390	45.212832	512x512	262144	sparse	Learned	557	20	4	5274	22.704298	0.388904	18.834975	0.998894	0.005648	1.000000	2	1031	0.000000																8.248123	-0.519962	-1.547812	-0.170710	True	0.008720	21.156488	0.218194	27.087214	0.387051	0.664881	0.006599	18.918003	0.998476	irm_in_vitro_microtubules_42
irm_in_vitro_microtubules_43.png	0.006593	0.442161	0.613192	0.638258	0.590020	0.998519	17.060131	0.999520	21.939071	0.004551	0.557677	1.216316	19.658843	0.114668	5364	14	0	0	28	1.776000	0.000000	125	111	633.629509	2.468397	0.000000	0.001976	-1.368369	-0.000285	0.000698	0.001290	3869.977474	0.004551	0.004551	14	0	14	0	28	1.776000	0.000000	14	0	125	111	97	5.708374	2.468397	633.629509	0.000000	226477	42.221663	48.870992	512x512	262144	sparse	Learned	515	14	5	5139	20.490964	0.225244	18.144194	0.998822	0.003262	1.000000	12	1034	0.000000																3.794877	-0.442323	-0.832121	-0.110576	True	0.006589	19.658659	0.114672	21.939288	0.485114	0.590052	0.004617	18.428501	0.998803	irm_in_vitro_microtubules_43
irm_in_vitro_microtubules_44.png	0.002671	0.484592	0.652828	0.826544	0.539451	0.998523	13.218736	0.999791	24.110134	0.000885	0.520495	2.225407	17.193879	0.076243	2126	4	0	0	8	1.804878	0.000000	41	37	165.367532	2.294172	0.000000						3703.140736	0.000885	0.000885	4	0	4	0	8	1.804878	0.000000	4	0	41	37	33	4.469393	2.294172	165.367532	0.000000	210631	99.073848	123.303857	512x512	262144	sparse	Learned	235	4																															True	0.002671	17.194042	0.076246	24.112844	0.449356	1.000000				irm_in_vitro_microtubules_44
irm_in_vitro_microtubules_45.png	0.001270	0.430796	0.602177	0.805825	0.480695	0.999697	15.269889	0.999951	21.262034	0.000444	0.692721	1.207150	16.358794	0.044562	1068	1	0	0	2	1.818182	0.000000	11	10	59.242641	2.690587	0.000000						2564.283133	0.000444	0.000444	1	0	1	0	2	1.818182	0.000000	1	0	11	10	9	5.924264	2.690587	59.242641	0.000000	246420	230.730337	245.453184	512x512	262144	sparse	Learned	172	1																															True	0.001270	16.358815	0.044563	21.261370	0.550671	0.664743				irm_in_vitro_microtubules_45
irm_in_vitro_microtubules_46.png	0.001390	0.542331	0.703262	0.876984	0.586985	0.999787	19.026070	0.999911	21.305283	0.000521	0.589344	1.379522	18.271883	0.078426	1421	2	0	0	4	1.777778	0.000000	18	16	100.254834	2.420157	0.000000						3027.959824	0.000521	0.000521	2	0	2	0	4	1.777778	0.000000	2	0	18	16	14	6.265927	2.420157	100.254834	0.000000	231505	162.916960	184.478536	512x512	262144	sparse	Learned	195	2																															True	0.001390	18.272105	0.078427	21.305192	0.574007	0.791856				irm_in_vitro_microtubules_46
irm_in_vitro_microtubules_47.png	0.001653	0.476573	0.645512	0.837647	0.525074	0.999519	14.181539	0.999902	19.506619	0.000616	0.806020	1.172266	15.082619	0.033491	1346	1	0	0	2	1.882353	0.000000	17	16	84.313708	2.548234	0.000000						2949.886560	0.000616	0.000616	1	0	1	0	2	1.882353	0.000000	1	0	17	16	15	5.269607	2.548234	84.313708	0.000000	252183	187.357355	194.757801	512x512	262144	sparse	Learned	194	1																															True	0.001649	15.082636	0.033491	19.505726	0.535441	0.627679				irm_in_vitro_microtubules_47
irm_in_vitro_microtubules_48.png	0.014307	0.448498	0.619260	0.816556	0.498752	0.996008	14.850166	0.999019	19.431410	0.005631	0.551199	1.027035	14.982566	0.049866	7301	17	0	0	34	1.780645	0.000000	155	138	786.607214	2.481480	0.000000	0.003034	0.852656	0.001393	0.002996	0.001007	3956.256390	0.005631	0.005631	17	0	17	0	34	1.780645	0.000000	17	0	155	138	121	5.700052	2.481480	786.607214	0.000000	252495	34.583619	35.905218	512x512	262144	sparse	Learned	557	17	2	7240	15.122243	0.191001	13.452299	0.996023	0.004624	0.475851	970	1762	0.000000									20445	17.136544	0.562610	0.997963	16.228906	1.000000	0.006323	5.979111	0.075348	-0.139677	-0.141135	True	0.014284	14.982666	0.049866	19.432202	0.581551	0.597273	0.011273	13.997510	0.994615	irm_in_vitro_microtubules_48
irm_in_vitro_microtubules_49.png	0.002202	0.566986	0.723664	0.674829	0.780118	0.999476	18.336788	0.999755	22.320012	0.002356	0.552912	1.192661	19.633143	0.106441	3491	8	1	2	16	1.794118	0.125000	68	61	353.107648	2.374149	0.000000						3586.350918	0.002356	0.002356	8	1	7	2	16	1.794118	0.125000	8	1	68	61	50	5.788650	2.374149	353.107648	0.000000	227660	65.213406	75.091378	512x512	262144	sparse	Learned	365	8																															True	0.002210	19.632572	0.106438	22.318277	0.496749	0.592453				irm_in_vitro_microtubules_49
irm_in_vitro_microtubules_5.png	0.009249	0.580266	0.734390	0.710113	0.760386	0.998495	20.499181	0.999239	23.101664	0.010534	0.859574	0.568810	21.573026	0.192002	9649	13	0	5	32	1.891213	0.000000	239	226	1448.810317	2.487028	0.000000	-0.003236	-0.779694	-0.000290	0.000448	-0.001548	4274.777412	0.010534	0.010534	13	0	13	5	32	1.891213	0.000000	13	0	239	226	202	6.410665	2.487028	1448.810317	0.000000	215514	22.335372	27.167997	512x512	262144	sparse	Learned	919	13	11	8802	23.323846	0.363268	21.057215	0.998791	0.012082	1.000000	2	1046	0.000000	2	7706	23.505791	0.364116	0.998805	21.007419	1.000000	0.014810	15494	24.271098	0.508339	0.999147	22.488291	1.000000	0.010031	2.044449	-0.140426	-1.750820	-0.171266	True	0.009261	21.574704	0.192014	23.104590	0.892113	0.507443	0.012485	21.278875	0.998785	irm_in_vitro_microtubules_5
irm_in_vitro_microtubules_50.png	0.001426	0.491781	0.659320	0.944737	0.506347	0.999388	13.836831	0.999924	22.370634	0.000210	0.513248	2.162663	18.365501	0.069840	1357	2	0	0	4	1.692308	0.000000	13	11	74.970563	2.515720	0.000000						2933.000326	0.000210	0.000210	2	0	2	0	4	1.692308	0.000000	2	0	13	11	9	6.815506	2.515720	74.970563	0.000000	236466	174.256448	193.179071	512x512	262144	sparse	Learned	181	2																															True	0.001426	18.365683	0.069839	22.370786	0.325196	0.703290				irm_in_vitro_microtubules_50
irm_in_vitro_microtubules_51.png	0.003116	0.593945	0.745252	0.714071	0.779279	0.998560	16.071813	0.999304	20.185840	0.003035	0.653544	0.732062	16.035694	0.053282	5208	10	0	2	22	1.833333	0.000000	120	110	554.379726	2.448103	0.000000	-0.001155	1.054901	0.000534	0.001743	0.000037	4077.302456	0.003035	0.003035	10	0	10	2	22	1.833333	0.000000	10	0	120	110	96	5.039816	2.448103	554.379726	0.000000	247931	47.605799	50.334869	512x512	262144	sparse	Learned	494	10	2	5048	16.083065	0.147296	14.760798	0.997561	0.002998	0.397350	698	398	0.000000																5.425042	0.256194	-0.047372	-0.094015	True	0.003119	16.036134	0.053283	20.185799	0.670441	0.490804	0.004270	15.016912	0.998027	irm_in_vitro_microtubules_51
irm_in_vitro_microtubules_52.png	0.004993	0.483861	0.652165	0.721617	0.594908	0.997528	13.998880	0.999517	20.794460	0.002700	0.548870	1.428629	16.615052	0.055880	4410	10	0	0	20	1.756098	0.000000	82	72	424.450793	2.515524	0.000000						3644.622803	0.002700	0.002700	10	0	10	0	20	1.756098	0.000000	10	0	82	72	62	5.895150	2.515524	424.450793	0.000000	245613	55.694558	59.443084	512x512	262144	sparse	Learned	408	10																															True	0.004997	16.615732	0.055884	20.795949	0.462056	0.660106				irm_in_vitro_microtubules_52
irm_in_vitro_microtubules_53.png	0.010785	0.681991	0.810933	0.771928	0.854090	0.997686	18.382590	0.998553	20.358714	0.014373	0.819134	0.571780	17.000563	0.088084	12377	18	0	3	39	1.879599	0.000000	299	281	1665.974747	2.522066	0.000000	0.000004	2.017163	0.001452	0.002300	0.002504	3813.899994	0.014373	0.014373	18	0	18	3	39	1.879599	0.000000	18	0	299	281	257	5.928736	2.522066	1665.974747	0.000000	243917	19.707280	21.179931	512x512	262144	sparse	Learned	1020	18	7	12050	17.912722	0.369721	16.328743	0.996253	0.011869	0.999997	99	4647	0.000000									2604	17.296190	0.139694	0.994208	14.559626	1.000000	0.009587	4.029971	-0.180863	-0.912159	-0.281637	True	0.010777	17.000636	0.088090	20.359842	0.803347	0.459338	0.010780	16.365426	0.996233	irm_in_vitro_microtubules_53
irm_in_vitro_microtubules_54.png	0.005353	0.509228	0.674819	0.857324	0.556379	0.997580	13.066216	0.999712	21.087868	0.002251	0.463250	2.325277	17.961563	0.069757	3618	9	0	0	18	1.684211	0.000000	57	48	314.492424	2.489878	0.000000						3626.272202	0.002251	0.002251	9	0	9	0	18	1.684211	0.000000	9	0	57	48	39	6.551926	2.489878	314.492424	0.000000	238781	65.998065	72.455500	512x512	262144	sparse	Learned	326	9																															True	0.005345	17.961051	0.069753	21.088018	0.375692	0.873588				irm_in_vitro_microtubules_54
irm_in_vitro_microtubules_55.png	0.007283	0.426475	0.597942	0.836048	0.465397	0.995594	12.451555	0.999528	20.708065	0.001668	0.514328	2.054396	16.706565	0.057321	4026	9	0	1	19	1.753425	0.000000	73	64	359.078210	2.527817	0.000000						3592.968464	0.001668	0.001668	9	0	9	1	19	1.753425	0.000000	9	0	73	64	53	5.610597	2.527817	359.078210	0.000000	242472	60.226528	65.112767	512x512	262144	sparse	Learned	375	9																															True	0.007278	16.706909	0.057321	20.711501	0.370817	0.761805				irm_in_vitro_microtubules_55
irm_in_vitro_microtubules_56.png	0.006890	0.550294	0.709922	0.836457	0.616641	0.998966	17.914348	0.999644	21.647223	0.003766	0.581048	1.121282	18.582147	0.086754	4470	10	0	1	21	1.791667	0.000000	96	86	470.977705	2.531239	0.000000	0.002556	0.712159	0.000255	0.000743	0.001044	3641.921997	0.003766	0.003766	10	0	10	1	21	1.791667	0.000000	10	0	96	86	74	5.476485	2.531239	470.977705	0.000000	232812	52.083221	58.645190	512x512	262144	sparse	Learned	444	10	3	4323	18.555598	0.160287	16.796024	0.998901	0.002722	0.478008	390	118	0.000000																4.851199	0.103041	0.026548	-0.073533	True	0.006899	18.582262	0.086756	21.647651	0.582014	0.652602	0.004335	17.202190	0.998712	irm_in_vitro_microtubules_56
irm_in_vitro_microtubules_57.png	0.003828	0.521698	0.685679	0.784954	0.608696	0.999453	18.462501	0.999822	22.408772	0.002173	0.665795	1.335534	20.218476	0.117278	2873	5	0	2	12	1.827586	0.000000	58	53	290.953319	2.479813	0.000000						3583.629847	0.002173	0.002173	5	0	5	2	12	1.827586	0.000000	5	0	58	53	44	5.489685	2.479813	290.953319	0.000000	224011	77.971110	91.243996	512x512	262144	sparse	Learned	329	5																															True	0.003828	20.218921	0.117283	22.407716	0.558589	0.746014				irm_in_vitro_microtubules_57
irm_in_vitro_microtubules_58.png	0.005108	0.288725	0.448078	0.907285	0.297503	0.997325	11.490472	0.999873	20.911826	0.000617	0.408445	2.989975	16.607699	0.050333	1868	4	0	0	8	1.636364	0.000000	22	18	113.426407	2.522192	0.000000						3383.220911	0.000617	0.000617	4	0	4	0	8	1.636364	0.000000	4	0	22	18	14	6.301467	2.522192	113.426407	0.000000	243956	130.597430	140.334047	512x512	262144	sparse	Learned	199	4																															True	0.005108	16.607843	0.050337	20.911962	0.232611	0.695502				irm_in_vitro_microtubules_58
irm_in_vitro_microtubules_59.png	0.010100	0.423536	0.595047	0.715768	0.509171	0.995611	13.887947	0.999104	20.426806	0.003529	0.510952	1.307562	16.487211	0.065276	6274	17	0	2	36	1.755396	0.000000	139	122	680.884343	2.418618	0.000000	0.005467	-1.665989	-0.000518	0.001937	0.001018	4209.770679	0.003529	0.003529	17	0	17	2	36	1.755396	0.000000	17	0	139	122	101	5.581019	2.418618	680.884343	0.000000	241799	38.539847	41.782595	512x512	262144	sparse	Learned	521	17	3	5746	16.991029	0.266670	15.396844	0.997167	0.002511	0.838528	292	419	0.000000									23948	19.834333	0.656329	0.998857	19.151578	0.999999	0.003405	5.029962	-0.327576	-0.503819	-0.201394	True	0.010096	16.487598	0.065279	20.427080	0.493383	0.645129	0.004633	15.553936	0.996128	irm_in_vitro_microtubules_59
irm_in_vitro_microtubules_6.png	0.007574	0.651389	0.788898	0.747212	0.835511	0.997069	17.835373	0.998441	20.758057	0.009501	0.681776	0.615561	18.229540	0.109441	11383	24	0	7	56	1.833333	0.000000	288	264	1552.793073	2.455216	0.000000	0.001061	-0.140958	0.000099	0.001439	0.002596	4474.933863	0.009501	0.009501	24	0	24	7	56	1.833333	0.000000	24	1	288	264	225	5.881792	2.455216	1552.793073	0.000000	234561	20.606255	23.029430	512x512	262144	sparse	Learned	927	24	8	11356	19.717304	0.392353	17.942114	0.997001	0.006905	1.000000	28	4085	0.000000									13313	20.208550	0.463333	0.997554	18.836647	1.000000	0.008338	2.815942	-0.318224	-1.487764	-0.282912	True	0.007563	18.228182	0.109438	20.757996	0.617927	0.380371	0.006513	17.976331	0.996970	irm_in_vitro_microtubules_6
irm_in_vitro_microtubules_60.png	0.007080	0.594454	0.745652	0.901391	0.635801	0.997916	17.034179	0.999492	21.973178	0.003074	0.537565	1.083489	19.502055	0.106685	5596	16	0	2	34	1.769784	0.000000	139	123	651.119841	2.469919	0.000000	0.001596	-1.489235	-0.000453	0.000657	0.000078	3700.813532	0.003074	0.003074	16	0	16	2	34	1.769784	0.000000	16	0	139	123	103	5.293657	2.469919	651.119841	0.000000	226597	40.492673	46.844889	512x512	262144	sparse	Learned	547	16	4	4583	20.223837	0.209391	18.440686	0.998835	0.002996	1.000000	5	1009	0.000000																3.532492	-0.462435	-0.721781	-0.102706	True	0.007084	19.501896	0.106686	21.972151	0.480991	0.521148	0.005483	18.523413	0.998369	irm_in_vitro_microtubules_60
irm_in_vitro_microtubules_61.png	0.006817	0.580716	0.734751	0.853824	0.644825	0.997808	16.611683	0.999305	21.061955	0.003386	0.523447	1.113821	18.128025	0.082159	5915	17	0	2	36	1.771812	0.000000	149	132	666.847763	2.518708	0.000000	0.001692	-0.596364	-0.000082	0.001102	0.000878	3874.955893	0.003386	0.003386	17	0	17	2	36	1.771812	0.000000	17	0	149	132	111	5.051877	2.518708	666.847763	0.000000	234732	39.684193	44.318512	512x512	262144	sparse	Learned	526	17	4	5367	18.766700	0.234191	17.073078	0.998203	0.002508	1.000000	6	1671	0.000000																3.988877	-0.476553	-0.638676	-0.152033	True	0.006836	18.128224	0.082156	21.061655	0.468738	0.522090	0.005125	17.208047	0.997890	irm_in_vitro_microtubules_61
irm_in_vitro_microtubules_62.png	0.011306	0.712279	0.831966	0.809147	0.856109	0.998710	20.697276	0.999177	22.548830	0.013407	0.789864	0.621684	20.341288	0.147498	10795	18	0	6	43	1.871886	0.000000	281	263	1567.839754	2.443546	0.000000	0.001592	0.896608	0.000271	0.000741	0.002621	4160.701752	0.013407	0.013407	18	0	18	6	43	1.871886	0.000000	18	0	281	263	232	5.961368	2.443546	1567.839754	0.000000	222575	20.618342	24.283835	512x512	262144	sparse	Learned	1010	18	10	10629	21.902751	0.384993	19.789719	0.998436	0.010786	1.000000	15	4531	0.000000	2	10352	22.336922	0.394782	0.998757	20.701065	1.000000	0.015570	14163	22.555362	0.466805	0.999033	21.851611	1.000000	0.014492	2.759111	-0.210136	-1.561464	-0.237495	True	0.011354	20.344187	0.147508	22.553188	0.768922	0.478026	0.009714	19.800668	0.998439	irm_in_vitro_microtubules_62
irm_in_vitro_microtubules_63.png	0.009409	0.475267	0.644313	0.809299	0.535205	0.995445	13.566092	0.999411	21.130128	0.003396	0.605446	1.294203	18.629625	0.089857	5574	12	0	0	24	1.787611	0.000000	113	101	628.014285	2.392564	0.000000	0.003130	-2.831063	-0.001459	0.001183	-0.001025	3707.033873	0.003396	0.003396	12	0	12	0	24	1.787611	0.000000	12	0	113	101	89	6.217963	2.392564	628.014285	0.000000	233981	41.977216	47.029781	512x512	262144	sparse	Learned	518	12	4	4528	19.125724	0.161432	16.369707	0.998228	0.004421	1.000000	3	364	0.000000																4.760421	-0.394554	-0.496099	-0.071575	True	0.009406	18.629439	0.089859	21.130311	0.388532	0.502839	0.006279	16.397155	0.996904	irm_in_vitro_microtubules_63
irm_in_vitro_microtubules_64.png	0.009587	0.565688	0.722606	0.843280	0.632146	0.996074	15.131069	0.999062	21.153110	0.004392	0.608068	0.804668	18.230480	0.091716	7807	18	0	7	43	1.817259	0.000000	197	179	950.506709	2.295675	0.000000	0.003776	-2.460937	-0.001158	0.001179	0.001343	4038.207054	0.004392	0.004392	18	0	18	7	43	1.817259	0.000000	18	2	197	179	147	5.310093	2.295675	950.506709	0.000000	235961	30.224286	33.578071	512x512	262144	sparse	Learned	666	18	6	7701	19.048139	0.284895	17.629998	0.997883	0.003049	1.000000	21	2716	0.000000									19336	20.521762	0.566326	0.998719	19.705107	1.000000	0.004209	3.523112	-0.391932	-0.817658	-0.193179	True	0.009579	18.230213	0.091714	21.152886	0.480882	0.386951	0.005811	17.592006	0.997232	irm_in_vitro_microtubules_64
irm_in_vitro_microtubules_65.png	0.010725	0.492741	0.660183	0.867036	0.533018	0.995833	14.173788	0.999213	20.418518	0.003397	0.539296	1.404217	17.928775	0.081152	6131	16	0	1	33	1.751938	0.000000	129	113	685.185858	2.345078	0.000000	0.004443	-2.557596	-0.001207	0.001164	0.000474	3757.494450	0.003397	0.003397	16	0	16	1	33	1.751938	0.000000	16	0	129	113	95	6.063592	2.345078	685.185858	0.000000	238405	38.885174	42.757136	512x512	262144	sparse	Learned	518	16	5	5958	18.571019	0.216108	16.527871	0.998049	0.002923	1.000000	7	1701	0.000000																3.890647	-0.460704	-0.642244	-0.134955	True	0.010728	17.929520	0.081151	20.420563	0.381868	0.536225	0.006282	16.731384	0.997040	irm_in_vitro_microtubules_65
irm_in_vitro_microtubules_7.png	0.008798	0.356879	0.526030	0.807445	0.390078	0.995742	11.771142	0.999646	19.954556	0.002416	0.454835	2.396488	15.459749	0.042078	3750	9	0	1	19	1.704918	0.000000	61	52	309.149278	2.413650	0.000000						3878.945827	0.002416	0.002416	9	0	9	1	19	1.704918	0.000000	9	0	61	52	41	5.945178	2.413650	309.149278	0.000000	251368	67.031467	69.905067	512x512	262144	sparse	Learned	310	9																															True	0.008798	15.459984	0.042077	19.954971	0.343406	0.822969				irm_in_vitro_microtubules_7
irm_in_vitro_microtubules_8.png	0.009495	0.640788	0.781074	0.816934	0.748229	0.997003	16.286165	0.998838	20.006560	0.008237	0.635376	1.198602	16.552415	0.071966	9026	18	0	5	41	1.815385	0.000000	195	177	1054.028571	2.494482	0.000000	0.002272	1.073326	0.001128	0.002435	0.002447	4652.566195	0.008237	0.008237	18	0	18	5	41	1.815385	0.000000	18	0	195	177	149	5.954964	2.494482	1054.028571	0.000000	246616	27.322845	29.043209	512x512	262144	sparse	Learned	674	18	5	8147	17.018017	0.267687	15.202687	0.996404	0.005790	1.000000	75	3635	0.000000									16954	18.130714	0.481923	0.997577	16.899885	1.000000	0.006414	4.803873	-0.364623	-0.465602	-0.195721	True	0.009468	16.552829	0.071970	20.007272	0.561327	0.672807	0.007223	15.212839	0.995874	irm_in_vitro_microtubules_8
irm_in_vitro_microtubules_9.png	0.015153	0.610804	0.758384	0.815106	0.709042	0.995278	16.132933	0.998204	19.734105	0.012809	0.829880	0.426880	15.500479	0.073401	12704	16	2	4	33	1.902778	0.125000	288	274	1643.900720	2.572538	0.000000	0.000391	1.132765	0.001526	0.003895	0.003007	4420.336485	0.012809	0.012809	16	2	14	4	33	1.902778	0.125000	16	1	288	274	251	5.999638	2.572538	1643.900720	0.000000	250460	19.715050	20.634761	512x512	262144	sparse	Learned	976	16	5	10235	16.243232	0.315947	14.846534	0.994309	0.009802	0.999977	111	4936	0.000000									2345	15.751954	0.118951	0.991786	13.297049	1.000000	0.005016	4.887572	-0.170098	-0.742752	-0.242546	True	0.015138	15.499875	0.073399	19.734432	0.879487	0.375435	0.014761	15.000167	0.993752	irm_in_vitro_microtubules_9
