filename	gt_iou	seg_iou	seg_f1	seg_precision	seg_recall	gt_fg_ssim	gt_fg_psnr	ng_fg_ssim	ng_fg_psnr	ng_iou	ng_topo_q	topo_preservation	ng_psnr	ng_ssim	ng_bytes	graph_n_components	graph_n_cycles	graph_n_junctions	graph_n_endpoints	graph_mean_degree	graph_complexity	n_nodes	n_edges	total_edge_length	mean_width_px	mean_curvature	delta_gt_iou	delta_gt_fg_psnr	delta_gt_fg_ssim	delta_fg_ssim	delta_iou	total_time_ms	ng_recon_iou	ng_n_components	ng_n_cycles	ng_euler_characteristic	ng_n_junctions	ng_n_endpoints	ng_mean_degree	ng_graph_complexity	ng_seg_beta_0	ng_seg_beta_1	graph_n_nodes	graph_n_edges	graph_n_sampled	graph_mean_edge_length	graph_mean_width	graph_total_edge_length	graph_mean_curvature	png_bytes	ng_vs_png	ng_vs_raw	image_shape	image_pixels	image_type	segmenter	n_points	n_structures	jpeg_quality	jpeg_bytes	jpeg_psnr	jpeg_ssim	jpeg_fg_psnr	jpeg_fg_ssim	jpeg_iou	jpeg_topo_q	jpeg_beta_0	jpeg_beta_1	jpeg_betti_preservation	webp_quality	webp_bytes	webp_psnr	webp_ssim	webp_fg_ssim	webp_fg_psnr	webp_topo_q	webp_iou	jp2_bytes	jp2_psnr	jp2_ssim	jp2_fg_ssim	jp2_fg_psnr	jp2_topo_q	jp2_iou	delta_fg_psnr	delta_topo_q	delta_psnr	delta_ssim	gt_available	gt_topology_q	recon_topology_q	jpeg_gt_iou	jpeg_gt_fg_psnr	jpeg_gt_fg_ssim	stem
1_1.png	0.806974	0.807880	0.893732	0.827028	0.972141	0.994251	30.264608	0.998918	35.215780	1.000000	0.721963	1.156056	32.632995	0.883848	3992	4	0	0	8	1.968992	0.000000	258	254	367.333044	7.972698	0.022677	-0.011948	-12.678028	-0.005579	-0.000868	0.047710	4463.205814	0.943010	4	0	4	0	8	1.968992	0.000000	5	0	258	254	250	1.446193	7.972698	367.333044	0.022677	11179	2.800351	20.346944	285x285	81225	sparse	Otsu	380	5	78	3985	50.702143	0.997635	42.749621	0.999786	0.952290	0.659271	6	0	0.900000	97	3896	54.593707	0.998952	0.999914	47.049244	0.662661	0.952011	828	34.483649	0.948534	0.990908	25.747487	0.519695	0.947338	-7.533841	0.062692	-18.069149	-0.113786	True	0.577895	0.668079	0.818922	42.942636	0.999830	1_1
1_10.png	0.808289	0.812465	0.896530	0.834500	0.968523	0.993813	32.686726	0.998342	37.173257	1.000000	0.727468	1.403800	36.043444	0.909932	3517	4	2	4	8	1.984674	0.500000	261	259	374.918831	8.079703	0.025108	-0.020042	-12.329570	-0.005901	-0.001307	0.069875	2679.424524	0.912276	4	2	2	4	8	1.984674	0.500000	5	0	261	259	249	1.447563	8.079703	374.918831	0.025108	10010	2.846176	23.094967	285x285	81225	sparse	Otsu	383	5	79	3485	52.284763	0.997565	44.719434	0.999649	0.930125	0.631068	7	0	0.800000	98	3220	55.459845	0.998777	0.999834	48.348970	0.683363	0.930020	4150	56.399488	0.998711	0.999859	49.247562	0.690666	0.930425	-7.546177	0.096400	-16.241319	-0.087632	True	0.588316	0.825878	0.828331	45.016296	0.999714	1_10
1_11.png	0.814269	0.796938	0.886995	0.815270	0.972559	0.994040	31.553818	0.998484	36.347295	1.000000	0.730719	1.425547	34.271610	0.901338	3827	4	1	3	9	1.977358	0.250000	265	262	375.676190	8.213395	0.025525	-0.017793	-12.807593	-0.005733	-0.001229	0.086035	2871.546268	0.897301	4	1	3	3	9	1.977358	0.250000	5	0	265	262	253	1.433879	8.213395	375.676190	0.025525	10779	2.816567	21.224196	285x285	81225	sparse	Otsu	417	5	79	3759	51.696763	0.997575	44.168352	0.999713	0.913965	0.678042	6	0	0.900000	98	3588	55.215915	0.998830	0.999866	48.094185	0.747413	0.916211	825	37.907105	0.959247	0.992745	29.578624	0.612706	0.919855	-7.821057	0.052677	-17.425153	-0.096237	True	0.594445	0.847410	0.832062	44.361411	0.999773	1_11
1_12.png	0.813328	0.793986	0.885164	0.811093	0.974124	0.994103	30.476070	0.998761	36.201569	1.000000	0.733931	1.380830	33.348202	0.894619	3879	4	1	3	9	1.977186	0.250000	263	260	378.676190	8.263804	0.031937	-0.015782	-13.280299	-0.005678	-0.000961	0.087642	2576.315641	0.901118	4	1	3	3	9	1.977186	0.250000	5	0	263	260	251	1.456447	8.263804	378.676190	0.031937	11444	2.950245	20.939675	285x285	81225	sparse	Otsu	385	5	77	3815	50.819906	0.997173	43.481625	0.999722	0.912358	0.684417	6	0	0.900000	97	3748	54.429891	0.998646	0.999876	47.465995	0.745384	0.913867	821	35.758827	0.954214	0.990445	27.073557	0.613811	0.919015	-7.280056	0.049514	-17.471704	-0.102554	True	0.605446	0.836018	0.829109	43.756369	0.999781	1_12
1_13.png	0.809406	0.778558	0.875493	0.794969	0.974169	0.994083	30.296002	0.998727	36.096769	1.000000	0.732865	1.326135	33.877490	0.903295	3909	4	2	4	9	1.984314	0.500000	255	253	375.847763	8.155029	0.027481	-0.018771	-13.601370	-0.005708	-0.001002	0.093649	2743.659735	0.895655	4	2	2	4	9	1.984314	0.500000	5	0	255	253	242	1.485564	8.155029	375.847763	0.027481	11301	2.891021	20.778972	285x285	81225	sparse	Otsu	407	5	78	3879	51.012926	0.997362	43.536048	0.999729	0.906351	0.626827	7	0	0.800000	97	3766	54.332926	0.998608	0.999866	47.378433	0.628954	0.906390	828	36.083890	0.952920	0.989999	27.532798	0.537501	0.914707	-7.439279	0.106037	-17.135436	-0.094066	True	0.592413	0.785619	0.828176	43.897371	0.999791	1_13
1_14.png	0.799198	0.779239	0.875924	0.796853	0.972416	0.994243	30.587084	0.998720	35.425157	1.000000	0.717478	1.279307	33.901931	0.903135	3811	4	1	2	8	1.975104	0.250000	241	238	360.019336	8.048392	0.045886	-0.011967	-12.408586	-0.005536	-0.000994	0.100143	2315.973759	0.887399	4	1	3	2	8	1.975104	0.250000	5	0	241	238	231	1.512686	8.048392	360.019336	0.045886	11561	3.033587	21.313304	285x285	81225	sparse	Otsu	363	5	76	3808	50.309904	0.996877	42.734193	0.999713	0.899857	0.676967	6	0	0.900000	96	3284	53.151753	0.998443	0.999841	45.670173	0.739200	0.896414	825	35.647633	0.954346	0.992018	26.960173	0.655846	0.912865	-7.309035	0.040512	-16.407973	-0.093742	True	0.581048	0.743339	0.811165	42.995670	0.999778	1_14
1_15.png	0.793914	0.776941	0.874470	0.793197	0.974301	0.994159	29.591653	0.998765	35.531137	1.000000	0.716346	1.414069	33.237181	0.898536	3993	4	0	0	8	1.968872	0.000000	257	253	361.190909	8.129493	0.025408	-0.021039	-14.022252	-0.005664	-0.000999	0.096866	2596.489191	0.891627	4	0	4	0	8	1.968872	0.000000	5	0	257	253	249	1.427632	8.129493	361.190909	0.025408	11301	2.830203	20.341848	285x285	81225	sparse	Otsu	409	5	79	3967	51.092877	0.997544	43.413078	0.999763	0.903134	0.639405	7	0	0.800000	97	3832	54.372353	0.998691	0.999881	47.134837	0.632121	0.900879	821	35.012210	0.945456	0.989662	26.221983	0.630012	0.903674	-7.881941	0.076941	-17.855696	-0.099008	True	0.589344	0.833373	0.814954	43.613905	0.999823	1_15
1_16.png	0.797166	0.779288	0.875955	0.796705	0.972713	0.993973	30.305689	0.998786	35.737182	1.000000	0.727468	1.190293	33.534633	0.901332	4007	4	1	3	9	1.976096	0.250000	251	248	371.676190	8.050595	0.027413	-0.015541	-13.533167	-0.005845	-0.000980	0.097669	2775.930643	0.890405	4	1	3	3	9	1.976096	0.250000	5	0	251	248	239	1.498694	8.050595	371.676190	0.027413	11201	2.795358	20.270776	285x285	81225	sparse	Otsu	403	5	80	3995	51.310712	0.996936	43.665672	0.999766	0.902331	0.614913	7	0	0.800000	98	3934	54.981852	0.998828	0.999901	47.966577	0.610487	0.897696	828	35.903135	0.956008	0.991183	27.298032	0.614913	0.907276	-7.928490	0.112555	-17.776079	-0.095604	True	0.584179	0.695344	0.812707	43.838856	0.999818	1_16
1_17.png	0.797880	0.770801	0.870568	0.787991	0.972477	0.994090	30.293358	0.998763	36.030862	1.000000	0.725279	1.284532	34.326075	0.905380	3863	4	3	6	9	1.991632	0.750000	239	238	369.918831	8.034771	0.039087	-0.008290	-13.652141	-0.005728	-0.000995	0.122216	2664.332867	0.878219	4	3	1	6	9	1.991632	0.750000	5	0	239	238	224	1.554281	8.034771	369.918831	0.039087	11038	2.857365	21.026404	285x285	81225	sparse	Otsu	391	5	79	3820	51.388688	0.997495	43.674105	0.999757	0.877784	0.674806	6	0	0.900000	97	3678	54.540050	0.998683	0.999877	47.436836	0.676967	0.886036	806	35.940475	0.959903	0.991604	27.201241	0.648894	0.885690	-7.643243	0.050473	-17.062613	-0.092115	True	0.587286	0.754387	0.806171	43.945498	0.999818	1_17
1_18.png	0.773357	0.783504	0.878612	0.801598	0.971997	0.994033	30.577040	0.998788	36.103103	1.000000	0.725279	1.047510	34.466800	0.902615	3716	4	1	4	10	1.974790	0.250000	238	235	369.190909	8.100381	0.041402	-0.014957	-13.326994	-0.005776	-0.000958	0.134905	2435.478449	0.856754	4	1	3	4	10	1.974790	0.250000	5	0	238	235	224	1.571025	8.100381	369.190909	0.041402	10772	2.898816	21.858181	285x285	81225	sparse	Otsu	360	5	78	3710	51.485651	0.997620	43.694510	0.999746	0.865095	0.512165	9	0	0.600000	97	3552	54.533272	0.998734	0.999872	47.181555	0.496749	0.865412	3796	53.767498	0.997605	0.999851	46.769334	0.459899	0.867371	-7.591407	0.213114	-17.018851	-0.095006	True	0.587286	0.615188	0.788314	43.904035	0.999809	1_18
1_19.png	0.780341	0.779772	0.876261	0.799007	0.970051	0.994058	31.158318	0.998781	35.923392	1.000000	0.708291	1.017184	34.778652	0.905343	4124	4	2	4	8	1.983607	0.500000	244	242	353.433550	8.006862	0.024308	-0.012715	-14.012112	-0.005813	-0.001049	0.116113	3378.270864	0.876189	4	2	2	4	8	1.983607	0.500000	5	0	244	242	232	1.460469	8.006862	353.433550	0.024308	10908	2.645005	19.695684	285x285	81225	sparse	Otsu	456	5	83	4090	52.664344	0.998078	44.904115	0.999829	0.883887	0.570443	8	0	0.700000	98	3858	55.241680	0.998874	0.999899	48.067870	0.559568	0.882704	748	35.676825	0.946547	0.991067	26.925967	0.664902	0.889781	-8.980724	0.137849	-17.885692	-0.092734	True	0.602476	0.612829	0.793056	45.170430	0.999871	1_19
1_2.png	0.807141	0.809428	0.894678	0.827683	0.973474	0.994093	30.505719	0.998783	35.873825	1.000000	0.724178	1.085219	33.566131	0.891839	3912	4	1	2	8	1.976654	0.250000	257	254	370.090404	8.037373	0.028637	-0.013684	-13.139651	-0.005718	-0.000977	0.049596	2543.498039	0.938787	4	1	3	2	8	1.976654	0.250000	5	0	257	254	247	1.457049	8.037373	370.090404	0.028637	10787	2.757413	20.763037	285x285	81225	sparse	Otsu	379	5	79	3898	51.252614	0.997685	43.451679	0.999760	0.950404	0.611598	7	0	0.800000	98	3822	55.345449	0.999074	0.999913	47.941038	0.616012	0.950396	822	35.334140	0.955434	0.989359	26.422485	0.610487	0.945039	-7.577854	0.112580	-17.686482	-0.105846	True	0.573652	0.622538	0.820825	43.645370	0.999811	1_2
1_20.png	0.790666	0.781129	0.877117	0.800088	0.970557	0.994325	31.237884	0.998670	35.955599	1.000000	0.715209	1.386179	34.640525	0.904819	3809	5	2	4	10	1.975904	0.400000	249	246	365.504617	7.914895	0.033326	-0.016778	-13.018627	-0.005493	-0.001095	0.102038	2710.061312	0.888021	5	2	3	4	10	1.975904	0.400000	5	0	249	246	235	1.485791	7.914895	365.504617	0.033326	10523	2.762667	21.324495	285x285	81225	sparse	Otsu	399	5	80	3785	51.738282	0.997033	44.038901	0.999764	0.897962	0.664902	6	0	0.900000	98	3630	55.320183	0.998907	0.999886	48.010465	0.667129	0.898094	3829	54.018971	0.997840	0.999854	46.933474	0.673720	0.898665	-8.083302	0.050307	-17.097756	-0.092215	True	0.583138	0.808334	0.807444	44.256512	0.999818	1_20
1_21.png	0.782908	0.784439	0.879199	0.803338	0.970882	0.994112	30.718122	0.998659	35.810726	1.000000	0.720848	1.257611	34.466604	0.902522	3832	4	0	0	8	1.968750	0.000000	256	252	365.261977	7.988036	0.024427	-0.013826	-13.285449	-0.005706	-0.001099	0.107862	2370.759010	0.875643	4	0	4	0	8	1.968750	0.000000	5	0	256	252	248	1.449452	7.988036	365.261977	0.024427	10812	2.821503	21.196503	285x285	81225	sparse	Otsu	378	5	79	3771	51.460603	0.997684	43.785532	0.999758	0.892138	0.740241	5	0	1.000000	98	3732	55.203363	0.998915	0.999895	47.942688	0.672631	0.891430	823	36.508649	0.958165	0.992063	28.058375	0.475862	0.889286	-7.974805	-0.019392	-16.993999	-0.095162	True	0.594445	0.747581	0.796733	44.003572	0.999817	1_21
1_22.png	0.800174	0.793609	0.884930	0.810460	0.974469	0.994167	29.845041	0.998812	35.591348	1.000000	0.721963	1.384575	32.910276	0.896753	4057	4	0	0	8	1.968992	0.000000	258	254	372.818326	7.946474	0.022403	-0.021112	-13.898664	-0.005661	-0.000964	0.083735	2489.287853	0.900391	4	0	4	0	8	1.968992	0.000000	5	0	258	254	250	1.467789	7.946474	372.818326	0.022403	11436	2.818832	20.020951	285x285	81225	sparse	Otsu	410	5	80	4053	51.124613	0.997043	43.479019	0.999777	0.916265	0.620375	7	0	0.800000	98	4038	55.042871	0.998878	0.999907	47.957305	0.624689	0.916513	821	35.632402	0.954528	0.990922	27.054407	0.577895	0.912497	-7.887671	0.101588	-18.214338	-0.100289	True	0.593430	0.821649	0.821286	43.743705	0.999828	1_22
1_23.png	0.808473	0.788581	0.881795	0.805893	0.973482	0.994210	30.333828	0.998799	35.846461	1.000000	0.731794	1.358804	33.716264	0.898442	4234	4	3	6	8	1.991935	0.750000	248	247	378.161472	7.809884	0.030210	-0.012468	-13.818788	-0.005630	-0.000997	0.081003	3076.354027	0.912243	4	3	1	6	8	1.991935	0.750000	5	0	248	247	234	1.531018	7.809884	378.161472	0.030210	11410	2.694851	19.183987	285x285	81225	sparse	Otsu	460	5	82	4219	51.613348	0.997604	43.935092	0.999796	0.918997	0.688597	6	0	0.900000	98	4042	55.121841	0.998953	0.999907	47.921420	0.752415	0.922888	741	34.415014	0.933669	0.988491	25.938543	0.633170	0.912521	-8.088631	0.043197	-17.897084	-0.099161	True	0.583138	0.792370	0.820940	44.152616	0.999840	1_23
1_24.png	0.812071	0.790483	0.882983	0.807665	0.973793	0.994240	30.390108	0.998864	35.536855	1.000000	0.744364	1.399086	33.305800	0.895970	4145	5	4	7	10	1.992308	0.800000	260	259	395.475180	7.695761	0.041271	-0.012556	-13.132753	-0.005589	-0.000913	0.070491	2893.559933	0.918019	5	4	1	7	10	1.992308	0.800000	5	0	260	259	243	1.526931	7.695761	395.475180	0.041271	11567	2.790591	19.595899	285x285	81225	sparse	Otsu	440	5	80	4135	50.873567	0.996920	43.256085	0.999778	0.929509	0.748421	5	0	1.000000	97	3924	54.405106	0.998776	0.999903	47.228416	0.750426	0.929917	743	34.072714	0.924204	0.989750	25.684960	0.754387	0.928852	-7.719230	-0.004058	-17.567767	-0.100950	True	0.584179	0.817316	0.824626	43.522862	0.999828	1_24
1_25.png	0.811941	0.796713	0.886856	0.813540	0.974697	0.994419	31.045078	0.998740	35.889370	1.000000	0.734993	1.364426	34.217227	0.903629	4255	4	2	4	8	1.984556	0.500000	259	257	383.404112	7.709954	0.029139	-0.016989	-13.450160	-0.005409	-0.001042	0.067378	3159.885406	0.915815	4	2	2	4	8	1.984556	0.500000	5	0	259	257	247	1.491845	7.709954	383.404112	0.029139	11309	2.657814	19.089307	285x285	81225	sparse	Otsu	471	5	82	4130	51.778219	0.997294	44.210225	0.999782	0.932622	0.690666	6	0	0.900000	98	3908	55.004699	0.998833	0.999892	47.812324	0.682306	0.934689	745	35.372299	0.932835	0.990092	27.063826	0.674806	0.928076	-8.320856	0.044327	-17.560992	-0.093665	True	0.587286	0.801308	0.828930	44.495238	0.999828	1_25
1_26.png	0.797149	0.787754	0.881278	0.805725	0.972466	0.994191	30.313980	0.998916	35.889480	1.000000	0.740241	1.051433	33.913412	0.902456	4352	4	4	8	9	2.000000	1.000000	255	255	388.060967	7.771117	0.031879	-0.014795	-13.888294	-0.005662	-0.000888	0.084906	3569.724321	0.907785	4	4	0	8	9	2.000000	1.000000	5	0	255	255	238	1.521808	7.771117	388.060967	0.031879	11370	2.612592	18.663833	285x285	81225	sparse	Otsu	497	5	82	4234	51.645657	0.997570	43.978450	0.999805	0.915094	0.749426	5	0	1.000000	98	3976	55.038147	0.998876	0.999909	47.912365	0.742311	0.914779	743	34.752262	0.937776	0.990598	26.530208	0.695779	0.919550	-8.088969	-0.009185	-17.732244	-0.095115	True	0.584179	0.614225	0.811944	44.202274	0.999852	1_26
1_27.png	0.804146	0.786042	0.880205	0.805315	0.970453	0.994360	30.892555	0.998854	35.694872	1.000000	0.714068	0.958307	34.290078	0.906627	4045	4	0	0	8	1.966805	0.000000	241	237	362.475180	7.863241	0.026448	-0.004440	-12.717984	-0.005464	-0.000919	0.094414	2838.305950	0.896673	4	0	4	0	8	1.966805	0.000000	5	0	241	237	233	1.529431	7.863241	362.475180	0.026448	11279	2.788381	20.080346	285x285	81225	sparse	Otsu	423	5	79	3989	51.100286	0.997460	43.367037	0.999773	0.905586	0.666017	6	0	0.900000	98	3952	55.094383	0.998906	0.999907	47.854144	0.658133	0.899692	825	35.979653	0.955834	0.991742	27.244399	0.562859	0.909591	-7.672164	0.048050	-16.810208	-0.090833	True	0.570443	0.546659	0.808585	43.610540	0.999824	1_27
1_28.png	0.805383	0.784514	0.879246	0.802262	0.972573	0.994132	29.808400	0.998856	36.207927	1.000000	0.725279	1.342497	33.875168	0.905247	4000	5	2	4	10	1.976190	0.400000	252	249	376.404112	7.840015	0.033013	-0.018735	-14.262237	-0.005688	-0.000910	0.092200	2869.895220	0.898915	5	2	3	4	10	1.976190	0.400000	5	0	252	249	238	1.511663	7.840015	376.404112	0.033013	11154	2.788500	20.306250	285x285	81225	sparse	Otsu	432	5	80	3943	51.507237	0.996942	43.846543	0.999766	0.907800	0.568289	8	0	0.700000	98	3860	55.056284	0.998823	0.999897	47.971084	0.570443	0.909211	828	36.695502	0.956666	0.991444	28.017752	0.562859	0.912855	-7.638616	0.156990	-17.632069	-0.091695	True	0.580000	0.778648	0.824118	44.070637	0.999819	1_28
1_29.png	0.797610	0.791180	0.883418	0.811929	0.968711	0.993902	30.922610	0.998735	36.303106	1.000000	0.734993	0.914354	34.954655	0.912597	4021	4	2	4	9	1.984496	0.500000	258	256	382.575685	7.711784	0.026955	-0.012275	-14.258493	-0.005945	-0.001073	0.089957	2887.650013	0.899348	4	2	2	4	9	1.984496	0.500000	5	0	258	256	245	1.494436	7.711784	382.575685	0.026955	10692	2.659040	20.200199	285x285	81225	sparse	Otsu	440	5	83	4020	52.729370	0.998048	45.003640	0.999808	0.910043	0.686514	6	0	0.900000	98	3702	55.232617	0.998871	0.999884	47.823672	0.675888	0.910030	814	36.909239	0.953807	0.992065	28.343051	0.675888	0.912703	-8.700534	0.048479	-17.774715	-0.085451	True	0.587286	0.536987	0.809885	45.181103	0.999847	1_29
1_3.png	0.798161	0.803582	0.891095	0.821376	0.973749	0.994450	31.351760	0.998727	35.968510	1.000000	0.727468	1.420669	33.639840	0.897393	3843	4	0	0	8	1.968992	0.000000	258	254	374.333044	7.922774	0.032960	-0.025413	-12.532582	-0.005355	-0.001021	0.059508	2477.609634	0.925324	4	0	4	0	8	1.968992	0.000000	5	0	258	254	250	1.473752	7.922774	374.333044	0.032960	10642	2.769191	21.135831	285x285	81225	sparse	Otsu	380	5	79	3788	51.412186	0.997696	43.581208	0.999748	0.940492	0.747413	5	0	1.000000	98	3768	55.452047	0.999039	0.999900	48.131445	0.744364	0.945205	818	35.822290	0.952525	0.990553	27.053253	0.676967	0.944975	-7.612698	-0.019945	-17.772346	-0.100303	True	0.576838	0.819496	0.823574	43.884342	0.999805	1_3
1_30.png	0.799079	0.783558	0.878646	0.808559	0.962037	0.993715	30.384322	0.998782	36.156374	1.000000	0.728556	1.244110	34.735530	0.910081	3878	4	2	4	8	1.984375	0.500000	256	254	373.504617	7.771207	0.033206	-0.014356	-13.917171	-0.006108	-0.000995	0.087415	2684.790134	0.908005	4	2	2	4	8	1.984375	0.500000	5	0	256	254	244	1.470491	7.771207	373.504617	0.033206	10761	2.774884	20.945075	285x285	81225	sparse	Otsu	408	5	80	3823	51.713567	0.997276	44.047963	0.999777	0.912585	0.623615	7	0	0.800000	98	3782	55.198188	0.998850	0.999900	47.969016	0.618200	0.912146	814	36.660405	0.955087	0.992239	28.103367	0.666017	0.922153	-7.891588	0.104941	-16.978036	-0.087195	True	0.581048	0.722888	0.813435	44.301493	0.999823	1_30
1_31.png	0.755989	0.787754	0.881278	0.899378	0.863891	0.991599	26.757165	0.998704	34.028428	1.000000	0.593430	0.922840	33.470025	0.899587	4026	6	0	0	12	1.951020	0.000000	245	239	357.433550	6.352391	0.033022	-0.048345	-18.243943	-0.008239	-0.001157	0.182229	3075.920582	0.903577	6	0	6	0	12	1.951020	0.000000	7	0	245	239	233	1.495538	6.352391	357.433550	0.033022	10843	2.693244	20.175112	285x285	81225	sparse	Meijering	457	7	82	3934	52.398679	0.997350	44.699664	0.999861	0.817771	0.584179	8	1	0.428571	98	3698	55.189759	0.998778	0.999930	47.971721	0.634217	0.821429	822	37.952483	0.963311	0.994875	28.854510	0.618200	0.813730	-10.671236	0.009252	-18.928654	-0.097763	True	0.583138	0.538143	0.804334	45.001108	0.999838	1_31
1_32.png	0.759801	0.797038	0.887058	0.902439	0.872192	0.991147	26.367989	0.998645	34.000637	1.000000	0.580450	0.895368	33.033245	0.896169	3888	5	0	0	10	1.956332	0.000000	229	224	339.090404	6.329591	0.035304	-0.058933	-18.843438	-0.008692	-0.001214	0.182764	2920.875549	0.903167	5	0	5	0	10	1.956332	0.000000	7	0	229	224	219	1.513796	6.329591	339.090404	0.035304	10833	2.786265	20.891204	285x285	81225	sparse	Meijering	413	7	82	3878	52.476076	0.997491	44.795732	0.999859	0.817236	0.609372	7	0	1.000000	98	3668	55.258757	0.998824	0.999925	48.016466	0.612706	0.816837	829	37.582361	0.961454	0.994216	28.348188	0.604882	0.796197	-10.795095	-0.028923	-19.442831	-0.101322	True	0.576838	0.516482	0.818735	45.211427	0.999840	1_32
1_33.png	0.762634	0.812208	0.896374	0.905204	0.887714	0.991434	27.574490	0.998317	34.084759	1.000000	0.604882	0.952812	33.475769	0.901952	3630	7	0	0	14	1.944444	0.000000	252	245	374.333044	6.354590	0.035179	-0.049737	-17.031851	-0.008361	-0.001496	0.170787	2423.246861	0.889850	7	0	7	0	14	1.944444	0.000000	7	0	252	245	238	1.527890	6.354590	374.333044	0.035179	10493	2.890634	22.376033	285x285	81225	sparse	Meijering	372	7	79	3573	52.030864	0.997541	44.336097	0.999814	0.829213	0.632121	7	0	1.000000	98	3590	55.275902	0.998783	0.999911	48.053199	0.681245	0.828193	3862	54.629135	0.997675	0.999903	47.591740	0.625760	0.828059	-10.251338	-0.027238	-18.555096	-0.095589	True	0.586253	0.558589	0.812371	44.606340	0.999795	1_33
1_34.png	0.758671	0.802922	0.890690	0.903250	0.878474	0.991178	26.735375	0.998536	33.868146	1.000000	0.587581	0.944600	33.273012	0.900328	3762	6	0	0	12	1.948052	0.000000	231	225	353.676190	6.340880	0.036436	-0.049593	-17.781754	-0.008630	-0.001298	0.180791	2604.380369	0.900646	6	0	6	0	12	1.948052	0.000000	7	0	231	225	219	1.571894	6.340880	353.676190	0.036436	10741	2.855130	21.590909	285x285	81225	sparse	Meijering	383	7	80	3755	51.965471	0.997118	44.207573	0.999834	0.819209	0.685467	6	0	0.928571	98	3590	55.158094	0.998733	0.999925	47.952024	0.688597	0.815237	3829	54.420779	0.997771	0.999909	47.315934	0.678042	0.820090	-10.339427	-0.097887	-18.692460	-0.096790	True	0.575779	0.543880	0.808265	44.517128	0.999808	1_34
1_35.png	0.760126	0.791688	0.883734	0.907775	0.860933	0.990283	27.362016	0.998535	33.951900	1.000000	0.622178	1.039546	33.618646	0.899218	3721	5	0	0	10	1.954955	0.000000	222	217	337.019336	6.526202	0.024796	-0.026019	-17.705175	-0.009535	-0.001303	0.165383	2549.612999	0.909528	5	0	5	0	10	1.954955	0.000000	6	0	222	217	212	1.553084	6.526202	337.019336	0.024796	10459	2.810804	21.828809	285x285	81225	sparse	Meijering	404	6	81	3685	52.480295	0.997217	44.625302	0.999838	0.834617	0.668237	6	0	1.000000	98	3542	55.460423	0.998819	0.999921	48.200914	0.730719	0.835091	3764	54.536075	0.997712	0.999908	47.324770	0.725279	0.835708	-10.673402	-0.046058	-18.861649	-0.097998	True	0.563951	0.586253	0.786146	45.067191	0.999818	1_35
1_36.png	0.766936	0.805905	0.892522	0.911748	0.874090	0.990646	26.970185	0.998410	34.107629	1.000000	0.585217	0.984920	33.485430	0.899539	3852	5	0	0	10	1.957265	0.000000	234	229	344.776695	6.438970	0.027327	-0.032370	-18.160999	-0.009184	-0.001434	0.169805	2571.471453	0.916530	5	0	5	0	10	1.957265	0.000000	7	0	234	229	224	1.505575	6.438970	344.776695	0.027327	10496	2.724818	21.086449	285x285	81225	sparse	Meijering	418	7	82	3813	52.474186	0.997433	44.684826	0.999844	0.830195	0.627892	7	1	0.500000	98	3558	55.357855	0.998775	0.999921	48.234232	0.619289	0.829815	826	38.530574	0.957807	0.995503	29.705036	0.606010	0.820276	-10.577197	-0.042675	-18.988755	-0.097895	True	0.572585	0.563951	0.799306	45.131184	0.999829	1_36
1_37.png	0.745314	0.779769	0.876259	0.911333	0.843784	0.989009	25.721439	0.998706	34.330749	1.000000	0.632121	0.989132	33.055049	0.897189	3824	6	0	0	12	1.949367	0.000000	237	231	346.605122	6.350719	0.029588	-0.037034	-19.276840	-0.010822	-0.001147	0.167143	3132.522821	0.927479	6	0	6	0	12	1.949367	0.000000	6	0	237	231	225	1.500455	6.350719	346.605122	0.029588	10650	2.785042	21.240847	285x285	81225	sparse	Meijering	447	6	82	3808	52.503794	0.997650	44.557992	0.999853	0.832857	0.601481	7	0	0.916667	98	3600	55.259033	0.998749	0.999927	47.996056	0.603752	0.830823	829	38.703230	0.959711	0.995873	29.966723	0.604882	0.810029	-10.227243	0.030640	-19.448744	-0.100461	True	0.575779	0.569521	0.782348	44.998279	0.999831	1_37
1_38.png	0.711839	0.757658	0.862122	0.902075	0.825558	0.990653	26.542229	0.998745	33.911088	1.000000	0.574413	1.065031	33.206966	0.902757	3857	6	4	8	12	1.982143	0.666667	224	222	344.019336	6.258009	0.044896	-0.042708	-18.511520	-0.009189	-0.001129	0.179742	2997.206450	0.894260	6	4	2	8	12	1.982143	0.666667	7	0	224	222	204	1.549637	6.258009	344.019336	0.044896	10561	2.738138	21.059113	285x285	81225	sparse	Meijering	436	7	82	3812	52.535668	0.997545	44.488449	0.999874	0.820258	0.533501	8	0	0.928571	98	3584	55.283668	0.998730	0.999937	47.998941	0.644181	0.819927	814	38.271095	0.960141	0.996145	29.195163	0.645365	0.792361	-10.577361	0.040912	-19.328703	-0.094788	True	0.558466	0.594783	0.754547	45.053749	0.999842	1_38
1_39.png	0.698014	0.733744	0.846427	0.894451	0.803297	0.990313	27.858983	0.998804	34.330367	1.000000	0.602807	0.911283	34.435650	0.907767	3332	6	0	0	12	1.943396	0.000000	212	206	323.190909	6.485179	0.041092	-0.019981	-15.995588	-0.009448	-0.001009	0.134736	2475.375414	0.903219	6	0	6	0	12	1.943396	0.000000	6	0	212	206	200	1.568888	6.485179	323.190909	0.041092	10042	3.013806	24.377251	285x285	81225	sparse	Meijering	362	6	76	3288	51.467975	0.997102	43.292768	0.999813	0.865264	0.537648	7	0	0.916667	98	3288	55.487975	0.998696	0.999933	48.159890	0.528308	0.865152	4372	56.887837	0.998749	0.999950	49.487188	0.522886	0.865203	-8.962401	0.065159	-17.032326	-0.089334	True	0.555142	0.505891	0.717995	43.854571	0.999760	1_39
1_4.png	0.808868	0.804341	0.891562	0.825385	0.969277	0.993799	30.346718	0.998817	35.975109	1.000000	0.728556	1.237442	33.625855	0.895154	4348	4	0	0	8	1.969925	0.000000	266	262	372.090404	7.965558	0.024723	-0.007736	-14.932971	-0.006072	-0.001020	0.059288	3374.235630	0.930714	4	0	4	0	8	1.969925	0.000000	5	0	266	262	258	1.420192	7.965558	372.090404	0.024723	10718	2.465041	18.681003	285x285	81225	sparse	Otsu	508	5	85	4317	52.844968	0.998341	45.093320	0.999837	0.940712	0.658133	6	0	0.900000	98	3884	55.310118	0.999027	0.999904	47.816523	0.661535	0.939362	730	34.151694	0.929256	0.988694	25.554775	0.667129	0.935950	-9.118211	0.070423	-19.219113	-0.103186	True	0.589344	0.729279	0.816604	45.279689	0.999870	1_4
1_40.png	0.701424	0.733085	0.845989	0.892026	0.804470	0.990330	27.300315	0.998833	34.218328	1.000000	0.589344	0.997054	34.282720	0.906517	3523	6	2	4	12	1.960000	0.333333	200	196	311.291414	6.230870	0.039326	-0.031920	-16.942016	-0.009483	-0.001022	0.158476	3138.713360	0.906653	6	2	4	4	12	1.960000	0.333333	6	0	200	196	184	1.588221	6.230870	311.291414	0.039326	10187	2.891570	23.055634	285x285	81225	sparse	Meijering	410	6	79	3483	52.046643	0.997505	43.607056	0.999855	0.841524	0.602807	6	0	1.000000	98	3368	55.506928	0.998760	0.999939	48.063931	0.593430	0.845448	4147	56.358411	0.998565	0.999945	48.713933	0.596132	0.846804	-9.388728	-0.013463	-17.763923	-0.090988	True	0.548419	0.546803	0.733345	44.242331	0.999813	1_40
1_41.png	0.700353	0.745484	0.854186	0.898150	0.814325	0.990566	27.780126	0.998643	33.854376	1.000000	0.569726	1.062828	34.200781	0.906439	3235	5	0	0	10	1.949495	0.000000	198	193	290.977705	6.469373	0.033565	-0.024342	-15.647986	-0.009192	-0.001161	0.141311	2150.594950	0.895009	5	0	5	0	10	1.949495	0.000000	6	0	198	193	188	1.507657	6.469373	290.977705	0.033565	9949	3.075425	25.108192	285x285	81225	sparse	Meijering	320	6	75	3216	51.271967	0.997167	42.817405	0.999804	0.858689	0.514636	7	0	0.916667	97	3090	55.022959	0.998566	0.999924	47.357935	0.497707	0.862702	4531	57.617289	0.998760	0.999958	50.414361	0.563951	0.860914	-8.963029	0.055090	-17.071186	-0.090728	True	0.542739	0.576838	0.724696	43.428112	0.999758	1_41
1_42.png	0.709151	0.753349	0.859326	0.893833	0.827383	0.992441	28.081039	0.998841	34.514029	1.000000	0.536325	0.896318	34.513077	0.908728	3487	7	0	0	14	1.933333	0.000000	210	203	308.806133	6.387153	0.032255	-0.021664	-16.006770	-0.007370	-0.000997	0.154137	2629.694223	0.889494	7	0	7	0	14	1.933333	0.000000	7	0	210	203	196	1.521212	6.387153	308.806133	0.032255	10135	2.906510	23.293662	285x285	81225	sparse	Meijering	390	7	78	3487	51.757219	0.997471	43.554079	0.999838	0.845863	0.503415	8	0	0.928571	98	3368	55.531250	0.998744	0.999939	48.211618	0.499676	0.845400	4159	56.491617	0.998729	0.999944	48.874840	0.500926	0.847307	-9.040051	0.032910	-17.244142	-0.088743	True	0.541594	0.485441	0.730815	44.087809	0.999811	1_42
1_43.png	0.717259	0.751451	0.858090	0.894987	0.824115	0.990780	27.588558	0.998742	33.932389	1.000000	0.581048	0.885703	34.268942	0.902734	3267	5	0	0	10	1.951923	0.000000	208	203	299.048773	6.375221	0.026981	-0.020928	-15.891057	-0.009011	-0.001079	0.150010	2136.904001	0.901347	5	0	5	0	10	1.951923	0.000000	6	0	208	203	198	1.473147	6.375221	299.048773	0.026981	10097	3.090603	24.862259	285x285	81225	sparse	Meijering	330	6	75	3244	51.200049	0.997021	42.911787	0.999820	0.849990	0.453622	9	0	0.750000	97	3196	54.861824	0.998526	0.999928	47.400103	0.437608	0.853857	4394	57.089642	0.999019	0.999951	49.278785	0.475337	0.854247	-8.979398	0.127426	-16.931107	-0.094287	True	0.541594	0.479691	0.738186	43.479616	0.999790	1_43
1_44.png	0.723801	0.779159	0.875873	0.903644	0.849758	0.991862	27.560748	0.998841	34.216073	1.000000	0.537648	1.094847	33.968391	0.906145	3613	6	0	0	12	1.942308	0.000000	208	202	313.605122	6.381410	0.040143	-0.018404	-16.670937	-0.007968	-0.001013	0.143232	2706.962585	0.894008	6	0	6	0	12	1.942308	0.000000	7	0	208	202	196	1.552501	6.381410	313.605122	0.040143	10361	2.867700	22.481317	285x285	81225	sparse	Meijering	390	7	79	3564	51.846112	0.997431	43.865085	0.999854	0.856768	0.576838	6	0	0.928571	98	3540	55.341790	0.998777	0.999938	47.944405	0.521521	0.855701	3871	55.500796	0.998310	0.999937	47.983988	0.528308	0.857250	-9.649012	-0.039190	-17.877721	-0.091286	True	0.551793	0.604129	0.742205	44.231685	0.999830	1_44
1_45.png	0.722155	0.765428	0.867130	0.896878	0.839293	0.990770	27.409110	0.998812	34.252570	1.000000	0.593430	0.897150	33.938690	0.903390	3724	6	0	0	12	1.943128	0.000000	211	205	314.119841	6.433457	0.045137	-0.025031	-17.280196	-0.009066	-0.001051	0.149789	3100.196123	0.904293	6	0	6	0	12	1.943128	0.000000	6	0	211	205	199	1.532292	6.433457	314.119841	0.045137	10223	2.745166	21.811224	285x285	81225	sparse	Meijering	451	6	81	3671	52.449401	0.997255	44.225908	0.999863	0.850211	0.625938	6	0	1.000000	98	3394	55.440521	0.998797	0.999934	47.963663	0.558308	0.844574	3822	55.537131	0.998351	0.999934	48.083776	0.571974	0.854144	-9.973338	-0.032508	-18.510711	-0.093864	True	0.569367	0.510808	0.747186	44.689307	0.999837	1_45
1_46.png	0.729951	0.784046	0.878952	0.902949	0.856198	0.991592	28.093463	0.998684	34.443673	1.000000	0.553231	0.893782	34.469157	0.905881	3806	5	0	0	10	1.952381	0.000000	210	205	319.433550	6.437668	0.030132	-0.011637	-16.855665	-0.008245	-0.001176	0.143842	2854.590178	0.900058	5	0	5	0	10	1.952381	0.000000	7	0	210	205	200	1.558212	6.437668	319.433550	0.030132	10144	2.665265	21.341303	285x285	81225	sparse	Meijering	424	7	82	3750	52.566739	0.997416	44.517817	0.999860	0.856158	0.529654	7	0	1.000000	98	3418	55.467078	0.998844	0.999928	47.850949	0.592073	0.856755	821	38.461880	0.956460	0.995281	29.334322	0.510808	0.838220	-10.074144	0.023578	-18.097582	-0.091535	True	0.556253	0.497168	0.741588	44.949129	0.999838	1_46
1_47.png	0.762226	0.809754	0.894878	0.912137	0.878259	0.991504	27.371609	0.998658	34.396569	1.000000	0.576838	0.872870	33.853499	0.902436	3615	6	0	0	12	1.947368	0.000000	228	222	340.605122	6.438783	0.033279	-0.026870	-16.907939	-0.008317	-0.001170	0.152129	2266.165972	0.909125	6	0	6	0	12	1.947368	0.000000	7	0	228	222	216	1.534257	6.438783	340.605122	0.033279	10290	2.846473	22.468880	285x285	81225	sparse	Meijering	350	7	79	3570	51.973883	0.997715	43.960876	0.999828	0.847871	0.548419	8	0	0.928571	98	3418	55.391586	0.998801	0.999925	47.994217	0.511080	0.847012	3927	55.531250	0.998489	0.999926	48.041203	0.561765	0.845969	-9.564307	0.028419	-18.120385	-0.095278	True	0.563951	0.492256	0.789096	44.279548	0.999821	1_47
1_48.png	0.754756	0.795332	0.886000	0.909924	0.863301	0.990759	27.059134	0.998741	34.100288	1.000000	0.615829	0.913634	33.617234	0.900539	3661	6	0	0	12	1.943396	0.000000	212	206	336.918831	6.489390	0.045400	-0.001217	-17.075060	-0.009071	-0.001109	0.135368	2641.956806	0.913978	6	0	6	0	12	1.943396	0.000000	6	0	212	206	200	1.635528	6.489390	336.918831	0.045400	10347	2.826277	22.186561	285x285	81225	sparse	Meijering	392	6	79	3605	51.863632	0.997686	43.770173	0.999850	0.864632	0.492115	8	0	0.833333	98	3572	55.417845	0.998842	0.999932	47.966066	0.471388	0.866054	3966	54.901043	0.997893	0.999926	47.523599	0.477954	0.865933	-9.669884	0.123714	-18.246398	-0.097147	True	0.561765	0.513248	0.755973	44.134194	0.999830	1_48
1_49.png	0.756990	0.790362	0.882908	0.899340	0.867065	0.991920	28.096365	0.998638	34.198875	1.000000	0.558308	1.015796	34.580539	0.908787	3792	5	0	0	10	1.952381	0.000000	210	205	324.190909	6.490337	0.046700	-0.001596	-17.295107	-0.007948	-0.001244	0.142650	2920.031548	0.917107	5	0	5	0	10	1.952381	0.000000	7	0	210	205	200	1.581419	6.490337	324.190909	0.046700	9940	2.621308	21.420095	285x285	81225	sparse	Meijering	424	7	83	3764	53.099569	0.998077	44.974372	0.999882	0.857350	0.515675	8	0	0.928571	98	3376	55.596982	0.998882	0.999929	47.933711	0.515675	0.859732	3825	55.654342	0.998458	0.999928	47.896496	0.512029	0.861444	-10.775497	0.042633	-18.519029	-0.089290	True	0.556253	0.565039	0.758586	45.391472	0.999868	1_49
1_5.png	0.800205	0.804376	0.891584	0.822975	0.972672	0.993874	30.238055	0.998622	35.427630	1.000000	0.730719	1.106439	33.154358	0.892703	3932	4	0	0	8	1.970588	0.000000	272	268	379.404112	7.921073	0.024690	-0.015400	-13.784206	-0.005950	-0.001152	0.060326	2544.228315	0.925257	4	0	4	0	8	1.970588	0.000000	5	0	272	268	264	1.415687	7.921073	379.404112	0.024690	10856	2.760936	20.657426	285x285	81225	sparse	Otsu	394	5	79	3878	51.364191	0.997643	43.751338	0.999774	0.939674	0.568289	8	0	0.700000	98	3826	55.275071	0.998960	0.999904	48.010325	0.610487	0.939114	825	35.832354	0.953901	0.991298	27.254866	0.562859	0.934892	-8.323708	0.162430	-18.209834	-0.104940	True	0.577895	0.639405	0.815605	44.022261	0.999824	1_5
1_50.png	0.739085	0.776007	0.873878	0.897327	0.851624	0.991220	27.662153	0.998746	34.052292	1.000000	0.536325	0.834726	33.698075	0.903264	3379	6	0	0	12	1.942857	0.000000	210	204	307.705627	6.419853	0.033241	-0.021388	-15.605760	-0.008556	-0.001061	0.140425	2220.821142	0.898433	6	0	6	0	12	1.942857	0.000000	7	0	210	204	198	1.508361	6.419853	307.705627	0.033241	10161	3.007103	24.038177	285x285	81225	sparse	Meijering	332	7	75	3343	51.137523	0.997165	42.907561	0.999807	0.859575	0.493383	9	0	0.857143	97	3308	54.966860	0.998749	0.999922	47.273958	0.509583	0.861350	4357	56.622233	0.998689	0.999948	49.039205	0.560825	0.861519	-8.855268	0.042942	-17.439447	-0.093901	True	0.550671	0.459659	0.760473	43.267914	0.999775	1_50
1_51.png	0.751140	0.777131	0.874591	0.894229	0.855796	0.991198	27.499533	0.998798	34.443827	1.000000	0.611968	1.102715	34.051790	0.906225	3695	5	0	0	10	1.955947	0.000000	227	222	325.534055	6.482900	0.032237	-0.017776	-17.271524	-0.008642	-0.001068	0.139330	2643.444538	0.910358	5	0	5	0	10	1.955947	0.000000	6	0	227	222	217	1.466370	6.482900	325.534055	0.032237	10238	2.770771	21.982409	285x285	81225	sparse	Meijering	409	6	81	3676	52.520803	0.997428	44.395787	0.999866	0.860670	0.642993	6	0	1.000000	98	3432	55.366900	0.998813	0.999929	47.842878	0.624689	0.856617	3827	55.311794	0.998402	0.999928	47.644157	0.624689	0.859232	-9.951960	-0.031025	-18.469014	-0.091203	True	0.558466	0.615829	0.768915	44.771057	0.999841	1_51
1_52.png	0.717919	0.765954	0.867468	0.887783	0.848061	0.991752	27.216447	0.998723	33.666716	1.000000	0.508356	0.832289	32.933604	0.902632	3567	6	0	0	12	1.943396	0.000000	212	206	319.019336	6.355138	0.035896	-0.030327	-16.385954	-0.008048	-0.001115	0.160990	2260.619640	0.881991	6	0	6	0	12	1.943396	0.000000	8	0	212	206	200	1.548638	6.355138	319.019336	0.035896	10490	2.940847	22.771236	285x285	81225	sparse	Meijering	336	8	77	3536	51.370725	0.997338	43.230988	0.999839	0.839010	0.469181	9	0	0.937500	97	3408	54.708886	0.998674	0.999926	47.205317	0.510808	0.839901	3973	54.879239	0.997909	0.999931	47.482455	0.504655	0.841753	-9.564272	0.039175	-18.437122	-0.094705	True	0.569367	0.473878	0.748246	43.602401	0.999800	1_52
1_53.png	0.692374	0.737076	0.848640	0.891511	0.809703	0.991868	27.331485	0.998849	34.224794	1.000000	0.472708	0.713395	33.949395	0.909175	3584	7	0	0	14	1.928934	0.000000	197	190	293.391919	6.273952	0.034226	-0.024235	-16.982667	-0.007942	-0.001003	0.166636	2772.403955	0.885697	7	0	7	0	14	1.928934	0.000000	8	0	197	190	183	1.544168	6.273952	293.391919	0.034226	10216	2.850446	22.663225	285x285	81225	sparse	Meijering	379	8	79	3553	52.010960	0.997431	43.809846	0.999852	0.833364	0.412998	11	1	0.312500	98	3516	55.535955	0.998854	0.999939	47.935641	0.384583	0.833271	3959	55.847201	0.998435	0.999937	48.167827	0.446288	0.833488	-9.585051	0.059709	-18.061565	-0.088256	True	0.565039	0.403097	0.716609	44.314152	0.999809	1_53
1_54.png	0.659448	0.700152	0.823635	0.880841	0.773405	0.991383	26.294597	0.998787	33.792728	1.000000	0.467408	0.718404	33.276190	0.907856	3575	7	0	0	14	1.928205	0.000000	195	188	288.877200	6.328966	0.029663	-0.056886	-17.794405	-0.008419	-0.001075	0.182682	2821.141958	0.872188	7	0	7	0	14	1.928205	0.000000	8	0	195	188	181	1.536581	6.328966	288.877200	0.029663	10501	2.937343	22.720280	285x285	81225	sparse	Meijering	377	8	79	3561	51.911124	0.997600	43.534010	0.999862	0.817318	0.436732	10	1	0.375000	98	3518	55.244155	0.998724	0.999943	47.833140	0.505891	0.820116	3841	54.807756	0.997647	0.999934	47.420936	0.426502	0.817962	-9.741282	0.030676	-18.634934	-0.089744	True	0.569367	0.409036	0.716334	44.089002	0.999802	1_54
1_55.png	0.608659	0.643499	0.783084	0.860765	0.718263	0.991667	27.388883	0.998943	33.991790	1.000000	0.441500	0.717613	33.873535	0.914440	3312	6	0	0	12	1.931818	0.000000	176	170	263.320851	6.412240	0.036222	-0.032631	-16.333963	-0.008104	-0.000909	0.168434	2462.373734	0.862069	6	0	6	0	12	1.931818	0.000000	8	0	176	170	164	1.548946	6.412240	263.320851	0.036222	10280	3.103865	24.524457	285x285	81225	sparse	Meijering	330	8	76	3297	51.434324	0.997045	42.891500	0.999852	0.831566	0.419836	9	0	0.937500	97	3272	54.865100	0.998529	0.999936	47.140120	0.413354	0.831671	4397	56.665897	0.998479	0.999959	49.176401	0.401503	0.831736	-8.899710	0.021664	-17.560790	-0.082605	True	0.565039	0.405479	0.641290	43.722846	0.999770	1_55
1_56.png	0.643739	0.677757	0.807932	0.876010	0.749673	0.992349	28.401018	0.998968	34.749246	1.000000	0.480558	0.782257	34.741771	0.915782	3561	8	0	0	16	1.921182	0.000000	203	195	301.634560	6.343935	0.044451	-0.015431	-16.290318	-0.007459	-0.000899	0.165335	3225.555658	0.874681	8	0	8	0	16	1.921182	0.000000	8	0	203	195	187	1.546844	6.343935	301.634560	0.044451	10233	2.873631	22.809604	285x285	81225	sparse	Meijering	413	8	80	3515	52.340784	0.997235	43.866852	0.999867	0.834665	0.504831	7	0	0.937500	98	3366	55.394148	0.998721	0.999939	47.887469	0.501994	0.835767	3986	56.295936	0.998504	0.999944	48.705715	0.513248	0.836164	-9.117606	-0.024274	-17.599013	-0.081453	True	0.573652	0.448744	0.659170	44.691336	0.999809	1_56
1_57.png	0.622672	0.650167	0.788001	0.872145	0.718665	0.991466	27.043493	0.999038	33.962123	1.000000	0.447057	0.725757	34.224620	0.916380	3289	7	0	0	14	1.920000	0.000000	175	168	266.249783	6.412655	0.043254	-0.048291	-16.659648	-0.008299	-0.000816	0.186716	2594.910860	0.888609	7	0	7	0	14	1.920000	0.000000	8	0	175	168	161	1.584820	6.412655	266.249783	0.043254	9973	3.032229	24.695956	285x285	81225	sparse	Meijering	327	8	76	3277	51.442226	0.997174	42.824986	0.999854	0.813284	0.488291	8	2	0.000000	97	3244	54.924745	0.998563	0.999940	47.177891	0.481855	0.811755	4393	57.107347	0.998522	0.999969	50.070730	0.475337	0.813246	-8.862863	-0.041235	-17.217606	-0.080795	True	0.549546	0.398837	0.670962	43.703141	0.999765	1_57
1_58.png	0.588443	0.625751	0.769799	0.876980	0.685963	0.991062	28.194280	0.998889	34.697302	1.000000	0.421606	0.740758	35.743512	0.925397	3024	7	0	0	14	1.915663	0.000000	166	159	247.936075	6.262437	0.050500	-0.051770	-15.961667	-0.008639	-0.000928	0.190568	2267.200947	0.874166	7	0	7	0	14	1.915663	0.000000	8	0	166	159	152	1.559346	6.262437	247.936075	0.050500	9329	3.084987	26.860119	285x285	81225	sparse	Meijering	318	8	75	3013	51.935965	0.997086	43.067897	0.999817	0.809432	0.499140	7	1	0.437500	97	2892	55.240855	0.998504	0.999926	47.352449	0.499140	0.809309	4650	58.733507	0.999014	0.999975	52.249474	0.501994	0.809042	-8.370595	-0.077534	-16.192453	-0.071689	True	0.556253	0.412049	0.640213	44.155946	0.999701	1_58
1_59.png	0.619546	0.653547	0.790479	0.879572	0.717775	0.991287	27.585029	0.998932	34.480796	1.000000	0.447057	0.736676	35.019357	0.919986	3181	8	0	0	16	1.912568	0.000000	183	175	272.078210	6.174858	0.049132	-0.034081	-16.572946	-0.008474	-0.000909	0.177891	2391.916752	0.880055	8	0	8	0	16	1.912568	0.000000	8	0	183	175	167	1.554733	6.174858	272.078210	0.049132	9707	3.051556	25.534423	285x285	81225	sparse	Meijering	333	8	76	3161	51.853414	0.997265	43.294406	0.999841	0.822109	0.417252	9	1	0.437500	97	3078	55.125854	0.998535	0.999931	47.604860	0.402831	0.820789	4491	57.862061	0.998897	0.999971	50.949398	0.408116	0.821958	-8.813610	0.029805	-16.834057	-0.077279	True	0.545019	0.401503	0.653626	44.157975	0.999760	1_59
1_6.png	0.796369	0.804023	0.891367	0.824032	0.970685	0.993723	30.840568	0.998537	35.737237	1.000000	0.723073	1.419415	33.883574	0.897720	3850	4	2	4	8	1.984252	0.500000	254	252	370.333044	7.944262	0.023440	-0.020033	-13.331829	-0.006073	-0.001203	0.066148	2440.270185	0.917376	4	2	2	4	8	1.984252	0.500000	5	0	254	252	242	1.469576	7.944262	370.333044	0.023440	10644	2.764675	21.097403	285x285	81225	sparse	Otsu	376	5	79	3803	51.482527	0.997629	43.879838	0.999740	0.933852	0.660404	6	0	0.900000	98	3630	55.315707	0.998909	0.999887	48.086900	0.664902	0.932972	800	35.853821	0.951992	0.989869	27.060188	0.672631	0.921371	-8.142601	0.062668	-17.598953	-0.099910	True	0.576838	0.818772	0.816403	44.172397	0.999796	1_6
1_60.png	0.631223	0.660014	0.795191	0.882367	0.723692	0.990346	27.950426	0.998878	34.673349	1.000000	0.494828	0.849482	35.121279	0.918597	3252	6	0	0	12	1.932961	0.000000	179	173	272.149278	6.276415	0.046922	-0.023593	-16.471193	-0.009412	-0.000969	0.145348	2745.524168	0.890702	6	0	6	0	12	1.932961	0.000000	7	0	179	173	167	1.573117	6.276415	272.149278	0.046922	9622	2.958795	24.976937	285x285	81225	sparse	Meijering	361	7	77	3224	52.142942	0.997344	43.577585	0.999847	0.854652	0.460709	8	0	0.928571	98	3188	55.643774	0.998725	0.999935	48.083701	0.441500	0.854092	4365	57.609220	0.998959	0.999959	49.970006	0.410741	0.853961	-8.904236	0.034119	-17.021663	-0.078747	True	0.551793	0.468738	0.654816	44.421620	0.999758	1_60
1_61.png	0.632551	0.679134	0.808910	0.891769	0.740140	0.991756	27.992333	0.998893	34.694214	1.000000	0.468738	0.811409	35.039126	0.920662	3598	6	0	0	12	1.938462	0.000000	195	189	284.220346	6.204262	0.040066	-0.026781	-17.515379	-0.008065	-0.000992	0.154400	3278.520584	0.888350	6	0	6	0	12	1.938462	0.000000	8	0	195	189	183	1.503811	6.204262	284.220346	0.040066	9885	2.747360	22.575042	285x285	81225	sparse	Meijering	439	8	82	3560	53.060797	0.997569	44.713585	0.999885	0.845600	0.481855	8	0	1.000000	98	3284	55.438219	0.998613	0.999936	47.945229	0.494648	0.845114	3979	56.506305	0.998480	0.999948	48.990691	0.436357	0.846075	-10.019370	-0.013117	-18.021670	-0.076907	True	0.566126	0.459359	0.659331	45.507713	0.999821	1_61
1_62.png	0.647049	0.679795	0.809378	0.887746	0.743724	0.991159	27.915064	0.998771	34.859048	1.000000	0.477954	0.788055	35.289994	0.922007	3259	7	2	4	12	1.948454	0.285714	194	189	286.806133	6.211226	0.044703	-0.049775	-16.709673	-0.008601	-0.001064	0.185581	2463.300943	0.885989	7	2	5	4	12	1.948454	0.285714	8	0	194	189	178	1.517493	6.211226	286.806133	0.044703	9789	3.003682	24.923289	285x285	81225	sparse	Meijering	346	8	77	3211	52.211084	0.997478	43.805456	0.999836	0.814419	0.540282	7	1	0.437500	97	3034	55.075027	0.998514	0.999921	47.537188	0.500926	0.816081	4322	57.280571	0.998739	0.999952	49.760196	0.485726	0.815513	-8.946409	-0.062328	-16.921090	-0.075471	True	0.558466	0.440102	0.696824	44.624736	0.999760	1_62
1_63.png	0.596509	0.633311	0.775493	0.882842	0.691420	0.991141	27.578752	0.999039	34.824091	1.000000	0.447057	0.757413	34.974389	0.922607	3388	8	0	0	16	1.912568	0.000000	183	175	272.492424	6.175245	0.049736	-0.042816	-17.267303	-0.008636	-0.000823	0.197207	3014.277697	0.865096	8	0	8	0	16	1.912568	0.000000	8	0	183	175	167	1.557100	6.175245	272.492424	0.049736	9930	2.930933	23.974321	285x285	81225	sparse	Meijering	393	8	79	3330	52.448678	0.997613	43.845776	0.999863	0.802793	0.442585	9	2	0.000000	98	3244	55.564584	0.998686	0.999943	48.146312	0.393469	0.799917	4124	56.728546	0.998512	0.999958	49.370569	0.360630	0.802626	-9.021685	0.004472	-17.474289	-0.075006	True	0.566126	0.428791	0.639325	44.846055	0.999777	1_63
1_64.png	0.643384	0.669860	0.802295	0.875081	0.740687	0.992624	27.270350	0.998929	34.734579	1.000000	0.447517	0.726685	34.584186	0.922237	3594	7	0	0	14	1.932367	0.000000	207	200	296.462987	6.211037	0.033690	-0.068883	-17.793815	-0.007173	-0.000935	0.207725	2951.340914	0.867194	7	0	7	0	14	1.932367	0.000000	9	0	207	200	193	1.482315	6.211037	296.462987	0.033690	10122	2.816361	22.600167	285x285	81225	sparse	Meijering	391	9	80	3528	52.428638	0.997370	44.231023	0.999864	0.792275	0.528813	8	1	0.444444	98	3402	55.327747	0.998632	0.999935	48.136429	0.519294	0.792237	3994	56.320536	0.998465	0.999945	48.914191	0.520495	0.792205	-9.496445	-0.081295	-17.844453	-0.075133	True	0.566126	0.411395	0.712266	45.064165	0.999797	1_64
1_65.png	0.626604	0.664354	0.798333	0.877591	0.732205	0.992005	28.299713	0.999024	34.679131	1.000000	0.472708	0.935576	34.753550	0.920130	3509	7	2	3	13	1.949495	0.285714	198	193	294.190909	6.238930	0.038455	-0.023632	-16.011619	-0.007746	-0.000819	0.164206	2862.872124	0.865879	7	2	5	3	13	1.949495	0.285714	8	0	198	193	182	1.524305	6.238930	294.190909	0.038455	10361	2.952693	23.147620	285x285	81225	sparse	Meijering	380	8	78	3501	51.892649	0.997487	43.338793	0.999843	0.835794	0.443822	9	1	0.437500	98	3446	55.273409	0.998612	0.999944	48.017629	0.428791	0.836800	4134	56.419272	0.998495	0.999950	49.022886	0.423691	0.835860	-8.659662	0.028886	-17.139099	-0.077356	True	0.566126	0.529654	0.650237	44.311332	0.999752	1_65
1_66.png	0.621563	0.644294	0.783673	0.876599	0.708560	0.991991	28.173669	0.998953	34.739083	1.000000	0.413354	0.731828	34.990539	0.919796	3176	7	0	0	14	1.923077	0.000000	182	175	272.391919	6.549605	0.034390	-0.030100	-15.200385	-0.007697	-0.000854	0.172275	2356.605291	0.877896	7	0	7	0	14	1.923077	0.000000	9	0	182	175	168	1.556525	6.549605	272.391919	0.034390	10160	3.198992	25.574622	285x285	81225	sparse	Meijering	306	9	72	3143	50.828057	0.996378	42.461948	0.999807	0.827725	0.422409	9	1	0.500000	96	2782	53.876935	0.998270	0.999908	46.076955	0.419836	0.827899	4531	57.256459	0.998696	0.999966	50.068212	0.422409	0.828370	-7.722865	-0.009055	-15.837518	-0.076582	True	0.578948	0.423691	0.651663	43.374055	0.999688	1_66
1_67.png	0.613329	0.642698	0.782491	0.886841	0.700112	0.991694	28.133816	0.999025	34.795561	1.000000	0.455289	0.754758	35.442103	0.922094	3126	7	0	0	14	1.923077	0.000000	182	175	274.320851	6.209081	0.043246	-0.017238	-15.640782	-0.008005	-0.000800	0.159733	2349.505901	0.874689	7	0	7	0	14	1.923077	0.000000	8	0	182	175	168	1.567548	6.209081	274.320851	0.043246	9710	3.106206	25.983685	285x285	81225	sparse	Meijering	304	8	73	3066	51.291739	0.996477	42.840586	0.999825	0.840267	0.366186	10	0	0.875000	97	3076	55.138184	0.998542	0.999937	47.549730	0.410741	0.838351	4462	57.984391	0.998839	0.999973	50.806524	0.393469	0.839543	-8.045026	0.089103	-15.849636	-0.074383	True	0.556253	0.419836	0.630567	43.774598	0.999699	1_67
1_68.png	0.606318	0.614719	0.761395	0.850723	0.689043	0.992566	28.409054	0.999150	35.458601	1.000000	0.430059	0.838922	35.330069	0.923410	3407	9	0	0	18	1.908163	0.000000	196	187	290.806133	6.512105	0.049645	-0.061547	-16.826152	-0.007210	-0.000720	0.198428	3188.461065	0.858806	9	0	9	0	18	1.908163	0.000000	9	0	196	187	178	1.555113	6.512105	290.806133	0.049645	9481	2.782800	23.840622	285x285	81225	sparse	Meijering	406	9	80	3405	52.689932	0.997014	44.251009	0.999870	0.801572	0.479258	8	1	0.444444	98	3194	55.710939	0.998710	0.999941	48.127862	0.468738	0.802520	4158	57.259521	0.998689	0.999959	49.579548	0.475337	0.801414	-8.792408	-0.049199	-17.359864	-0.073605	True	0.565039	0.474024	0.667865	45.235206	0.999776	1_68
1_69.png	0.655046	0.670353	0.802648	0.802212	0.803085	0.992610	29.700838	0.998781	35.940853	1.000000	0.571158	1.099805	35.659247	0.925559	3277	6	2	3	11	1.960000	0.333333	200	196	288.592929	7.571448	0.044893	-0.024915	-14.882121	-0.007137	-0.000990	0.145807	2752.896786	0.842855	6	2	4	3	11	1.960000	0.333333	6	0	200	196	186	1.472413	7.571448	288.592929	0.044893	9477	2.891974	24.786390	285x285	81225	sparse	Otsu	350	6	77	3229	52.156431	0.997511	43.669583	0.999771	0.854193	0.499676	8	1	0.333333	98	3150	55.607736	0.998734	0.999905	48.055096	0.481855	0.855603	4355	57.620615	0.998889	0.999946	50.248894	0.481855	0.855811	-7.728730	0.071482	-16.497185	-0.071952	True	0.584179	0.642483	0.679961	44.582959	0.999747	1_69
1_7.png	0.806186	0.808346	0.894017	0.834114	0.963189	0.993435	32.136611	0.998460	36.748035	1.000000	0.719729	1.038420	36.119798	0.908475	3871	4	0	0	8	1.969112	0.000000	259	255	365.575685	7.875066	0.020127	-0.010088	-13.685426	-0.006373	-0.001305	0.059195	2920.282841	0.934397	4	0	4	0	8	1.969112	0.000000	5	0	259	255	251	1.433630	7.875066	365.575685	0.020127	10006	2.584862	20.982950	285x285	81225	sparse	Otsu	441	5	83	3822	53.268848	0.998096	45.578151	0.999764	0.940805	0.652387	6	0	0.900000	98	3388	55.569917	0.998890	0.999854	48.132116	0.616012	0.944611	811	38.371042	0.959813	0.992427	29.858955	0.719729	0.930907	-8.830116	0.067342	-17.149050	-0.089622	True	0.582095	0.604459	0.816274	45.822038	0.999808	1_7
1_70.png	0.632869	0.641169	0.781357	0.791215	0.771741	0.993157	31.601633	0.998712	35.865074	1.000000	0.547666	0.953639	36.449132	0.929069	3030	5	0	1	9	1.944444	0.000000	180	175	258.279221	7.674428	0.029332	-0.017653	-12.187908	-0.006501	-0.001002	0.136593	2216.973066	0.842308	5	0	5	1	9	1.944444	0.000000	6	0	180	175	170	1.475881	7.674428	258.279221	0.029332	9065	2.991749	26.806931	285x285	81225	sparse	Otsu	302	6	73	3001	51.364867	0.996899	42.776561	0.999714	0.863407	0.500569	7	0	0.916667	98	3020	55.807249	0.998765	0.999901	48.097648	0.483149	0.861272	4706	59.379389	0.999053	0.999966	53.081841	0.543119	0.861432	-6.911487	0.047097	-14.915734	-0.067831	True	0.571515	0.545019	0.650522	43.789542	0.999658	1_70
1_71.png	0.647013	0.656895	0.792923	0.795941	0.789928	0.992500	30.396788	0.998540	35.659095	1.000000	0.565402	1.062353	35.684904	0.928610	3176	5	1	2	10	1.959184	0.200000	196	192	283.007143	7.636955	0.033954	-0.023907	-14.003109	-0.007184	-0.001192	0.125584	2479.207754	0.854196	5	1	4	2	10	1.959184	0.200000	6	0	196	192	184	1.473996	7.636955	283.007143	0.033954	9263	2.916562	25.574622	285x285	81225	sparse	Otsu	318	6	76	3121	51.909337	0.997268	43.522648	0.999732	0.874416	0.489569	8	1	0.333333	98	3080	55.725050	0.998747	0.999900	48.161608	0.483149	0.877111	4480	58.192460	0.999053	0.999950	50.998648	0.480558	0.878505	-7.863553	0.075833	-16.224433	-0.068658	True	0.586253	0.622808	0.670920	44.399897	0.999684	1_71
1_72.png	0.631336	0.661906	0.796563	0.870306	0.734340	0.992401	28.837111	0.998721	34.978043	1.000000	0.483149	0.882901	35.272937	0.919927	3315	8	0	1	15	1.922330	0.000000	206	198	294.149278	6.291938	0.033953	-0.044046	-16.523541	-0.007341	-0.001108	0.176584	2804.940224	0.869799	8	0	8	1	15	1.922330	0.000000	8	0	206	198	190	1.485602	6.291938	294.149278	0.033953	9377	2.828658	24.502262	285x285	81225	sparse	Meijering	386	8	79	3264	52.854953	0.997726	44.552037	0.999828	0.823416	0.515675	8	1	0.500000	98	3128	55.774804	0.998750	0.999914	48.113769	0.522886	0.817630	4378	58.047397	0.998873	0.999958	51.014020	0.513248	0.823111	-9.573995	-0.032527	-17.582016	-0.077799	True	0.575779	0.508356	0.675382	45.360652	0.999742	1_72
1_73.png	0.650358	0.686848	0.814357	0.880932	0.757138	0.994050	30.017841	0.998655	35.054557	1.000000	0.427520	0.679324	35.683942	0.925848	3332	8	0	0	16	1.917949	0.000000	195	187	282.320851	6.345294	0.033396	-0.028325	-15.502121	-0.005675	-0.001162	0.166055	2808.820248	0.872240	8	0	8	0	16	1.917949	0.000000	9	0	195	187	179	1.509737	6.345294	282.320851	0.033396	9102	2.731693	24.377251	285x285	81225	sparse	Meijering	377	9	80	3285	53.092859	0.997718	44.754187	0.999818	0.833945	0.499676	8	1	0.444444	98	2930	55.905424	0.998793	0.999913	48.217855	0.504655	0.830541	4388	58.350403	0.999044	0.999959	51.124274	0.500926	0.831886	-9.699630	-0.072156	-17.408917	-0.071870	True	0.566126	0.384583	0.678683	45.519962	0.999726	1_73
1_8.png	0.812398	0.810484	0.895323	0.831560	0.969676	0.993755	31.032745	0.998546	36.850306	1.000000	0.728556	1.316315	35.707059	0.904813	3832	4	0	0	8	1.969697	0.000000	264	260	374.747258	7.918221	0.024717	-0.011870	-14.313910	-0.006030	-0.001184	0.067488	2849.734306	0.921171	4	0	4	0	8	1.969697	0.000000	5	0	264	260	256	1.441336	7.918221	374.747258	0.024717	10467	2.731472	21.196503	285x285	81225	sparse	Otsu	416	5	82	3817	52.618121	0.997102	45.120825	0.999730	0.932512	0.622538	7	0	0.800000	98	3500	55.497296	0.998862	0.999866	48.259092	0.628954	0.932268	812	37.308926	0.955405	0.989973	28.671367	0.619289	0.921340	-8.270518	0.106018	-16.911062	-0.092289	True	0.577895	0.760691	0.824268	45.346656	0.999785	1_8
1_9.png	0.813953	0.801905	0.890064	0.821941	0.970498	0.993893	31.558205	0.998412	36.080697	1.000000	0.732865	1.225302	34.869822	0.904118	3995	4	1	2	8	1.977011	0.250000	261	258	377.989899	8.056207	0.027574	-0.006709	-13.599644	-0.005908	-0.001337	0.063903	3328.568935	0.914088	4	1	3	2	8	1.977011	0.250000	5	0	261	258	251	1.465077	8.056207	377.989899	0.027574	10666	2.669837	20.331665	285x285	81225	sparse	Otsu	443	5	82	3946	52.378157	0.997614	44.847394	0.999749	0.936097	0.743339	5	0	1.000000	98	3548	55.244155	0.998888	0.999867	48.094783	0.739200	0.936866	816	37.465820	0.954635	0.991542	29.012621	0.673720	0.935999	-8.766697	-0.010475	-17.508335	-0.093496	True	0.594445	0.728375	0.820662	45.157849	0.999801	1_9
