filename	gt_iou	seg_iou	seg_f1	seg_precision	seg_recall	gt_fg_ssim	gt_fg_psnr	ng_fg_ssim	ng_fg_psnr	ng_iou	ng_topo_q	topo_preservation	ng_psnr	ng_ssim	ng_bytes	graph_n_components	graph_n_cycles	graph_n_junctions	graph_n_endpoints	graph_mean_degree	graph_complexity	n_nodes	n_edges	total_edge_length	mean_width_px	mean_curvature	delta_gt_iou	delta_gt_fg_psnr	delta_gt_fg_ssim	delta_fg_ssim	delta_iou	total_time_ms	self_iou	ng_recon_iou	ng_n_components	ng_n_cycles	ng_euler_characteristic	ng_n_junctions	ng_n_endpoints	ng_mean_degree	ng_graph_complexity	ng_seg_beta_0	ng_seg_beta_1	graph_n_nodes	graph_n_edges	graph_n_sampled	graph_mean_edge_length	graph_mean_width	graph_total_edge_length	graph_mean_curvature	png_bytes	ng_vs_png	ng_vs_raw	image_shape	image_pixels	image_type	segmenter	n_points	n_structures	jpeg_quality	jpeg_bytes	jpeg_psnr	jpeg_ssim	jpeg_fg_psnr	jpeg_fg_ssim	jpeg_iou	jpeg_topo_q	jpeg_beta_0	jpeg_beta_1	jpeg_betti_preservation	webp_quality	webp_bytes	webp_psnr	webp_ssim	webp_fg_ssim	webp_fg_psnr	webp_topo_q	webp_iou	jp2_bytes	jp2_psnr	jp2_ssim	jp2_fg_ssim	jp2_fg_psnr	jp2_topo_q	jp2_iou	delta_fg_psnr	delta_topo_q	delta_psnr	delta_ssim	gt_available	pre_gt_iou	pre_ng_psnr	pre_ng_ssim	pre_ng_fg_psnr	gt_topology_q	recon_topology_q	jpeg_gt_iou	jpeg_gt_fg_psnr	jpeg_gt_fg_ssim	stem
1_1.png	0.841208	0.725227	0.840732	0.918581	0.775048	0.991847	23.205922	0.999476	31.240754	0.737170	0.896244	1.363142	29.782022	0.854824	5647	7	11	11	3	2.045455	1.571429	176	180	934.104689	2.951229	0.000000	0.021531	-24.521831	-0.008093	-0.000510	0.054532	6060.294151	0.737170	0.737170	7	11	-4	11	3	2.045455	1.571429	7	11	176	180	162	5.189470	2.951229	934.104689	0.000000	11179	1.979635	14.383744	285x285	81225	sparse	Learned	688	7	92	5579	55.173221	0.999104	47.598348	0.999987	0.682638	0.659271	6	0	0.428571	100	4862	56.669714	0.999226	0.999990	49.381379	0.661535	0.682732	582	30.626769	0.850054	0.995177	21.837013	0.734993	0.642517	-16.357595	0.236974	-25.391199	-0.144280	True	0.841603	29.780723	0.853788	31.243578	0.577895	0.787752	0.819677	47.727753	0.999941	1_1
1_10.png	0.840996	0.717432	0.835471	0.833081	0.837874	0.990607	26.043462	0.998185	33.105719	0.694281	0.850730	1.090331	33.586329	0.892002	6091	10	20	29	19	2.085470	2.000000	234	244	1089.933116	2.962872	0.000000	0.013399	-25.278483	-0.009323	-0.001782	0.014979	2612.513781	0.694281	0.694281	10	20	-10	29	19	2.085470	2.000000	10	24	234	244	186	4.466939	2.962872	1089.933116	0.000000	10010	1.643408	13.335249	285x285	81225	sparse	Learned	775	10	95	6073	58.533623	0.999453	51.480694	0.999967	0.679301	0.676967	6	0	0.300000	100	3958	56.857023	0.999061	0.999942	49.974716	0.687557	0.678388	494	33.081950	0.885919	0.989254	24.764960	0.752415	0.626721	-18.374974	0.173763	-24.947295	-0.107451	True	0.840690	33.583574	0.891731	33.113422	0.588316	0.641460	0.827596	51.321945	0.999930	1_10
1_11.png	0.839838	0.718417	0.836138	0.831751	0.840572	0.993428	27.311975	0.998649	34.178534	0.701188	0.807426	1.265742	32.995964	0.886458	5952	11	16	23	13	2.045045	1.454545	222	227	1043.962554	3.268629	0.000000	0.007776	-21.958481	-0.006492	-0.001311	0.012006	2577.971935	0.701188	0.701188	11	16	-5	23	13	2.045045	1.454545	11	16	222	227	186	4.598954	3.268629	1043.962554	0.000000	10779	1.810988	13.646673	285x285	81225	sparse	Learned	734	11	93	5577	56.551042	0.999217	49.502722	0.999959	0.689182	0.685467	6	0	0.272727	100	4378	56.516248	0.999064	0.999951	49.799378	0.747413	0.686477	502	31.409547	0.856154	0.989367	23.596820	0.746401	0.628937	-15.324187	0.121958	-23.555078	-0.112759	True	0.840216	32.978132	0.885952	34.191702	0.594445	0.752415	0.832062	49.270456	0.999920	1_11
1_12.png	0.844866	0.724663	0.840353	0.855168	0.826043	0.992722	25.412635	0.998907	33.052170	0.709378	0.830007	1.035315	31.500617	0.876850	5841	10	14	18	12	2.039216	1.400000	204	208	1025.933116	3.180991	0.000000	0.015227	-23.059692	-0.007199	-0.001060	0.019915	2271.952391	0.709378	0.709378	10	14	-4	18	12	2.039216	1.400000	10	13	204	208	174	4.932371	3.180991	1025.933116	0.000000	11444	1.959254	13.906009	285x285	81225	sparse	Learned	715	10	92	5523	55.518340	0.999055	48.549687	0.999967	0.689463	0.686514	6	0	0.300000	100	4764	56.366239	0.999041	0.999970	49.860678	0.746401	0.689224	504	30.331321	0.837614	0.990053	22.590277	0.705752	0.632223	-15.497517	0.143494	-24.017723	-0.122205	True	0.845268	31.495610	0.875754	33.089412	0.605446	0.626827	0.829639	48.472327	0.999921	1_12
1_13.png	0.836474	0.712155	0.831881	0.833391	0.830377	0.993385	25.597630	0.998974	33.110282	0.697341	0.836673	1.063469	31.680632	0.882266	5912	10	14	18	10	2.039216	1.400000	204	208	1047.933116	3.079175	0.000000	0.010148	-23.416741	-0.006547	-0.000998	0.016245	1944.283485	0.697341	0.697341	10	14	-4	18	10	2.039216	1.400000	10	14	204	208	176	5.038140	3.079175	1047.933116	0.000000	11301	1.911536	13.739005	285x285	81225	sparse	Learned	739	10	93	5874	56.110036	0.999172	49.133623	0.999972	0.681096	0.685467	6	0	0.300000	100	4770	56.256517	0.999004	0.999970	49.749215	0.680181	0.681003	497	30.277080	0.814738	0.989036	22.297911	0.770534	0.625127	-16.023341	0.151206	-24.429404	-0.116906	True	0.836297	31.689235	0.881484	33.116364	0.592413	0.630012	0.826326	49.014371	0.999932	1_13
1_14.png	0.828642	0.721690	0.838351	0.848009	0.828911	0.994037	25.304172	0.998851	32.524723	0.683703	0.883807	1.082446	31.110550	0.879278	5825	8	14	19	8	2.059113	1.750000	203	209	1000.619408	3.140193	0.000000	0.016566	-22.721761	-0.005892	-0.001116	0.012357	2251.324654	0.683703	0.683703	8	14	-6	19	8	2.059113	1.750000	8	14	203	209	176	4.787653	3.140193	1000.619408	0.000000	11561	1.984721	13.944206	285x285	81225	sparse	Learned	693	8	92	5578	55.294785	0.999010	48.288775	0.999967	0.671346	0.733931	5	0	0.312500	100	4856	56.283688	0.999003	0.999969	49.751664	0.733931	0.671824	492	29.482663	0.833321	0.991150	21.529763	0.688597	0.619595	-15.764052	0.149876	-24.184235	-0.119732	True	0.828103	31.125917	0.878932	32.530250	0.581048	0.628954	0.812076	48.025933	0.999929	1_14
1_15.png	0.829181	0.727133	0.842012	0.857661	0.826923	0.993977	25.447578	0.999080	32.828835	0.705123	0.849765	0.994754	31.132187	0.878601	5805	9	10	12	10	2.010582	1.111111	189	190	986.134126	3.078831	0.000000	0.013428	-22.595289	-0.005955	-0.000888	0.015928	2161.293030	0.705123	0.705123	9	10	-1	12	10	2.010582	1.111111	9	10	189	190	167	5.190180	3.078831	986.134126	0.000000	11301	1.946770	13.992248	285x285	81225	sparse	Learned	720	9	92	5547	55.393579	0.999071	48.142632	0.999968	0.689195	0.635260	7	1	0.438889	100	4822	56.342442	0.999044	0.999969	49.758721	0.637339	0.689871	504	29.529010	0.831732	0.989595	21.245542	0.599197	0.618597	-15.313797	0.214505	-24.261391	-0.120470	True	0.828077	31.123803	0.877911	32.851607	0.589344	0.586253	0.815754	48.042867	0.999932	1_15
1_16.png	0.830559	0.750473	0.857452	0.884816	0.831730	0.994106	25.560709	0.999169	32.934320	0.718628	0.846389	0.957872	31.460949	0.883215	5769	9	15	18	6	2.061856	1.666667	194	200	982.376767	3.076748	0.000000	0.017739	-22.395147	-0.005820	-0.000801	0.021513	2084.203005	0.718628	0.718628	9	15	-6	18	6	2.061856	1.666667	9	15	194	200	170	4.911884	3.076748	982.376767	0.000000	11201	1.941584	14.079563	285x285	81225	sparse	Learned	698	9	92	5458	55.340665	0.999059	48.023841	0.999969	0.697115	0.614913	7	0	0.388889	100	4740	56.272520	0.999030	0.999970	49.573536	0.613811	0.698646	579	31.293138	0.900418	0.992640	22.864910	0.743339	0.653229	-15.089521	0.231476	-23.879716	-0.115843	True	0.831438	31.488056	0.882208	32.955979	0.584179	0.559568	0.812820	47.955856	0.999926	1_16
1_17.png	0.828902	0.701356	0.824467	0.810010	0.839450	0.993248	25.333492	0.998389	32.408800	0.667990	0.864965	1.088746	31.697809	0.887257	6089	9	13	27	21	2.035242	1.444444	227	231	1042.175757	2.980096	0.000000	0.023405	-23.655213	-0.006689	-0.001578	0.018868	2432.479620	0.667990	0.667990	9	13	-4	27	21	2.035242	1.444444	9	18	227	231	179	4.511583	2.980096	1042.175757	0.000000	11038	1.812777	13.339629	285x285	81225	sparse	Learned	726	9	93	5699	56.271126	0.999201	49.272604	0.999967	0.649123	0.670441	6	0	0.333333	100	4628	56.355212	0.999015	0.999958	49.760631	0.675888	0.650020	492	29.951337	0.843296	0.989259	22.114181	0.729640	0.592097	-16.863803	0.194524	-24.573317	-0.111944	True	0.828612	31.701597	0.886549	32.441464	0.587286	0.639405	0.805496	48.988705	0.999937	1_17
1_18.png	0.810687	0.691318	0.817490	0.811881	0.823177	0.993589	25.531018	0.998839	33.234537	0.653581	0.827611	0.793402	32.242027	0.887328	5781	10	10	17	17	2.000000	1.000000	200	200	1006.577777	2.967644	0.000000	0.022340	-23.458812	-0.006348	-0.001129	0.023197	2311.000347	0.653581	0.653581	10	10	0	17	17	2.000000	1.000000	10	13	200	200	166	5.032889	2.967644	1006.577777	0.000000	10772	1.863345	14.050337	285x285	81225	sparse	Learned	731	10	93	5608	56.471866	0.999256	49.304165	0.999968	0.630384	0.493383	9	0	0.450000	100	4502	56.612422	0.999065	0.999961	49.994770	0.536987	0.629953	573	32.209987	0.911003	0.992924	23.865002	0.595747	0.584945	-16.069628	0.334228	-24.229839	-0.111928	True	0.810460	32.240162	0.886617	33.245543	0.587286	0.465954	0.788347	48.989830	0.999937	1_18
1_19.png	0.805404	0.701741	0.824733	0.821040	0.828460	0.994897	26.915500	0.998819	33.488191	0.669446	0.821292	0.842144	32.740372	0.887924	5776	9	13	16	11	2.039801	1.444444	201	205	999.518903	3.084897	0.000000	0.013228	-22.017750	-0.005044	-0.001148	0.015789	2451.729298	0.669446	0.669446	9	13	-4	16	11	2.039801	1.444444	10	13	201	205	174	4.875702	3.084897	999.518903	0.000000	10908	1.888504	14.062500	285x285	81225	sparse	Learned	720	10	93	5582	56.344213	0.999234	49.120163	0.999966	0.653657	0.609372	7	0	0.350000	100	4588	56.509985	0.999032	0.999959	49.717908	0.610487	0.652302	579	32.230893	0.916511	0.992541	23.934167	0.764018	0.605138	-15.631972	0.211919	-23.603841	-0.111311	True	0.805183	32.723119	0.887295	33.496344	0.602476	0.507372	0.792176	48.933250	0.999941	1_19
1_2.png	0.838157	0.736859	0.848496	0.913269	0.792302	0.993399	24.916345	0.999322	32.316255	0.739295	0.861585	1.198107	31.118616	0.868364	5461	8	11	15	9	2.033898	1.375000	177	180	923.648845	2.910876	0.000000	0.017694	-23.138330	-0.006532	-0.000659	0.044867	1808.736563	0.739295	0.739295	8	11	-3	15	9	2.033898	1.375000	8	12	177	180	153	5.131382	2.910876	923.648845	0.000000	10787	1.975279	14.873650	285x285	81225	sparse	Learned	660	8	92	5396	55.552755	0.999130	47.947272	0.999981	0.694428	0.612706	7	0	0.437500	100	4640	56.658652	0.999214	0.999985	49.538091	0.668237	0.695108	580	31.466759	0.895117	0.993002	22.567675	0.732865	0.645796	-15.631017	0.248879	-24.434139	-0.130766	True	0.837897	31.126824	0.866745	32.316062	0.573652	0.687297	0.820463	48.054675	0.999932	1_2
1_20.png	0.820723	0.738701	0.849716	0.872228	0.828337	0.994520	28.042456	0.999253	34.277711	0.711568	0.863305	1.061994	33.074890	0.887635	5436	8	11	11	5	2.034884	1.375000	172	175	929.477272	3.121378	0.000000	0.012445	-20.536977	-0.005409	-0.000716	0.016076	2295.969009	0.711568	0.711568	8	11	-3	11	5	2.034884	1.375000	8	11	172	175	156	5.311299	3.121378	929.477272	0.000000	10523	1.935798	14.942053	285x285	81225	sparse	Learned	689	8	92	5165	55.877965	0.999133	48.637435	0.999969	0.695492	0.666017	6	0	0.375000	100	4370	56.799190	0.999137	0.999971	49.763867	0.664902	0.697736	581	32.881130	0.897969	0.994110	24.569772	0.672631	0.648480	-14.359724	0.197287	-22.803075	-0.111497	True	0.820565	33.068304	0.886285	34.282144	0.583138	0.619289	0.808278	48.579432	0.999929	1_20
1_21.png	0.808149	0.727893	0.842521	0.862976	0.823014	0.995413	27.604106	0.999179	33.773238	0.687137	0.813626	1.097751	32.578550	0.884876	5586	10	14	19	11	2.039024	1.400000	205	209	984.418398	3.118411	0.000000	0.010085	-20.759054	-0.004518	-0.000790	0.013076	2129.491568	0.687137	0.687137	10	14	-4	19	11	2.039024	1.400000	10	14	205	209	175	4.710136	3.118411	984.418398	0.000000	10812	1.935553	14.540816	285x285	81225	sparse	Learned	684	10	92	5271	55.652831	0.999080	48.448904	0.999970	0.674060	0.675888	6	0	0.300000	100	4516	56.589865	0.999102	0.999972	49.805902	0.674806	0.674107	585	32.393045	0.893948	0.993853	23.947239	0.628954	0.623151	-14.675666	0.137738	-23.074281	-0.114205	True	0.808617	32.569020	0.883999	33.793890	0.594445	0.652553	0.798064	48.363161	0.999931	1_21
1_22.png	0.837216	0.771027	0.870711	0.920229	0.826251	0.995517	27.101930	0.999239	32.864387	0.745662	0.851549	1.052674	31.524442	0.879827	5429	8	10	11	7	2.022727	1.250000	176	178	892.991991	3.190619	0.000000	0.016711	-20.488012	-0.004409	-0.000734	0.020850	1982.547998	0.745662	0.745662	8	10	-2	11	7	2.022727	1.250000	8	10	176	178	158	5.016809	3.190619	892.991991	0.000000	11436	2.106465	14.961319	285x285	81225	sparse	Learned	647	8	91	5405	54.887846	0.999001	47.513747	0.999974	0.724812	0.622538	7	0	0.437500	100	4828	56.324415	0.999099	0.999980	49.522853	0.620375	0.723783	582	31.104676	0.902041	0.993387	22.651620	0.691695	0.665575	-14.649360	0.229011	-23.363404	-0.119174	True	0.837471	31.533725	0.880617	32.945890	0.593430	0.624689	0.820505	47.589942	0.999925	1_22
1_23.png	0.834707	0.770688	0.870496	0.914840	0.830251	0.993338	25.402312	0.999274	32.383882	0.757760	0.856655	1.021127	31.156167	0.875457	5504	8	11	15	9	2.035294	1.375000	170	173	911.719913	2.997401	0.000000	0.012274	-22.019803	-0.006578	-0.000704	0.030596	2027.325630	0.757760	0.757760	8	11	-3	15	9	2.035294	1.375000	8	12	170	173	146	5.270057	2.997401	911.719913	0.000000	11410	2.073038	14.757449	285x285	81225	sparse	Learned	655	8	91	5416	54.858299	0.999003	47.408702	0.999978	0.727164	0.678042	6	0	0.375000	100	4812	56.433356	0.999118	0.999983	49.582410	0.678042	0.725572	582	30.984470	0.895778	0.993316	22.333253	0.761169	0.669537	-15.024820	0.178613	-23.702133	-0.123546	True	0.834551	31.152672	0.874605	32.436645	0.583138	0.595458	0.822433	47.422115	0.999915	1_23
1_24.png	0.839362	0.758907	0.862930	0.911883	0.818966	0.993508	25.838178	0.999295	32.220272	0.751190	0.855576	1.231076	30.794941	0.871078	5567	7	9	12	8	2.022989	1.285714	174	176	909.205194	3.027338	0.000000	0.014100	-21.450562	-0.006417	-0.000684	0.031272	1962.242126	0.751190	0.751190	7	9	-2	12	8	2.022989	1.285714	8	10	174	176	154	5.165939	3.027338	909.205194	0.000000	11567	2.077780	14.590444	285x285	81225	sparse	Learned	660	8	91	5515	54.664613	0.999005	47.219616	0.999978	0.719918	0.748421	5	0	0.312500	100	4978	56.343505	0.999101	0.999986	49.481126	0.747413	0.720129	584	30.877020	0.885625	0.992607	22.314732	0.749426	0.670505	-14.999344	0.107154	-23.869673	-0.127927	True	0.839595	30.796143	0.870503	32.247130	0.584179	0.719168	0.825263	47.288740	0.999925	1_24
1_25.png	0.847755	0.779951	0.876374	0.920786	0.836049	0.992953	26.632665	0.999367	32.994128	0.769938	0.897423	1.193298	31.992240	0.883780	5457	7	14	16	2	2.080000	2.000000	175	182	938.619408	3.116850	0.000000	0.019768	-21.565649	-0.006970	-0.000611	0.027408	1963.409424	0.769938	0.769938	7	14	-7	16	2	2.080000	2.000000	7	14	175	182	157	5.157249	3.116850	938.619408	0.000000	11309	2.072384	14.884552	285x285	81225	sparse	Learned	662	7	92	5454	55.450605	0.999058	48.127489	0.999978	0.742530	0.687557	6	0	0.428571	100	4674	56.444220	0.999053	0.999982	49.678994	0.685467	0.741620	569	31.598739	0.902499	0.993962	23.014141	0.739200	0.677115	-15.133361	0.209866	-23.458365	-0.115278	True	0.847516	31.974625	0.883065	33.005046	0.587286	0.700807	0.827987	48.198314	0.999922	1_25
1_26.png	0.831295	0.760469	0.863939	0.914739	0.818485	0.994580	25.918397	0.999351	32.624552	0.733688	0.850057	1.257560	31.307028	0.880470	5449	8	10	9	5	2.023952	1.250000	167	169	901.004184	3.068923	0.000000	0.018795	-21.528166	-0.005348	-0.000626	0.028245	1835.059881	0.733688	0.733688	8	10	-2	9	5	2.023952	1.250000	8	10	167	169	153	5.331386	3.068923	901.004184	0.000000	11370	2.086621	14.906405	285x285	81225	sparse	Learned	654	8	91	5422	54.919892	0.999010	47.338566	0.999976	0.705443	0.741278	5	0	0.312500	100	4770	56.355567	0.999039	0.999985	49.734154	0.746401	0.704152	573	31.218516	0.889140	0.993657	22.805757	0.678042	0.652071	-14.714014	0.108779	-23.612863	-0.118540	True	0.830748	31.293445	0.879504	32.641925	0.584179	0.734640	0.812500	47.446563	0.999928	1_26
1_27.png	0.826779	0.733689	0.846390	0.865976	0.827672	0.994998	26.308691	0.998972	32.918033	0.702412	0.839765	1.156002	31.743385	0.884256	5741	9	11	15	11	2.021390	1.222222	187	189	969.317893	3.071381	0.000000	0.015757	-21.608464	-0.004932	-0.000999	0.025287	2006.592035	0.702412	0.702412	9	11	-2	15	11	2.021390	1.222222	9	11	187	189	161	5.128666	3.071381	969.317893	0.000000	11279	1.964640	14.148232	285x285	81225	sparse	Learned	682	9	92	5523	55.327747	0.999056	48.046410	0.999972	0.677124	0.660404	6	0	0.333333	100	4728	56.417470	0.999042	0.999975	49.710250	0.662661	0.677766	574	31.698160	0.897599	0.992522	23.296890	0.741278	0.628993	-15.128377	0.179360	-23.584362	-0.114800	True	0.826724	31.742092	0.884744	32.936865	0.570443	0.659433	0.811022	47.917155	0.999931	1_27
1_28.png	0.836343	0.754983	0.860388	0.893384	0.829742	0.994829	26.782515	0.999258	33.248504	0.730478	0.818530	1.031864	32.085412	0.886472	5381	9	10	9	7	2.011236	1.111111	178	179	902.790981	3.116858	0.000000	0.011582	-20.849760	-0.005086	-0.000713	0.018968	1972.589493	0.730478	0.730478	9	10	-1	9	7	2.011236	1.111111	9	10	178	179	162	5.043525	3.116858	902.790981	0.000000	11154	2.072849	15.094778	285x285	81225	sparse	Learned	655	9	91	5223	55.091461	0.998992	47.642194	0.999972	0.711510	0.572585	8	0	0.444444	100	4656	56.376223	0.999030	0.999976	49.535328	0.527108	0.710405	585	32.226401	0.887462	0.993665	23.756609	0.673720	0.653754	-14.393690	0.245945	-23.006049	-0.112520	True	0.836079	32.091133	0.886358	33.281099	0.580000	0.598481	0.824761	47.632275	0.999915	1_28
1_29.png	0.821583	0.745573	0.854245	0.873645	0.835687	0.994633	27.246369	0.999016	33.851085	0.713166	0.832110	1.058877	33.056062	0.894793	5434	9	9	10	10	2.000000	1.000000	175	175	923.536147	3.102416	0.000000	0.012251	-21.385974	-0.005294	-0.000953	0.020483	2166.800022	0.713166	0.713166	9	9	0	10	10	2.000000	1.000000	9	9	175	175	155	5.277349	3.102416	923.536147	0.000000	10692	1.967611	14.947552	285x285	81225	sparse	Learned	683	9	92	5152	55.899663	0.999078	48.680446	0.999969	0.692684	0.618200	7	0	0.388889	100	4432	56.730095	0.999078	0.999970	49.856145	0.672631	0.692786	583	33.406422	0.911451	0.993062	24.811504	0.691695	0.649529	-14.829361	0.213910	-22.843601	-0.104285	True	0.821583	33.045435	0.894635	33.864742	0.587286	0.621863	0.809332	48.632343	0.999927	1_29
1_3.png	0.844325	0.748937	0.856448	0.919663	0.801365	0.992660	25.134183	0.999328	32.756658	0.758470	0.886311	1.251587	31.414110	0.867454	5423	7	10	11	5	2.036364	1.428571	165	168	889.920923	3.094270	0.000000	0.020627	-23.149780	-0.007262	-0.000652	0.047750	1992.909193	0.758470	0.758470	7	10	-3	11	5	2.036364	1.428571	7	10	165	168	149	5.297148	3.094270	889.920923	0.000000	10642	1.962382	14.977872	285x285	81225	sparse	Learned	663	7	92	5273	55.733046	0.999151	48.175518	0.999980	0.710720	0.749426	5	0	0.357143	100	4504	56.790935	0.999205	0.999986	49.675215	0.745384	0.708577	582	31.919387	0.892543	0.994148	22.978364	0.740241	0.663441	-15.418860	0.136885	-24.318936	-0.131697	True	0.844008	31.432099	0.868463	32.751399	0.576838	0.721963	0.823698	48.283963	0.999922	1_3
1_30.png	0.824171	0.776184	0.873991	0.913983	0.837352	0.995206	27.726115	0.999294	33.629378	0.748358	0.845491	1.076949	32.869902	0.894785	5147	8	11	12	6	2.036364	1.375000	165	168	870.950360	3.180917	0.000000	0.010550	-20.138734	-0.004716	-0.000680	0.017875	2074.714899	0.748358	0.748358	8	11	-3	12	6	2.036364	1.375000	8	11	165	168	147	5.184228	3.180917	870.950360	0.000000	10761	2.090732	15.781037	285x285	81225	sparse	Learned	628	8	91	5074	55.359832	0.998995	47.852489	0.999974	0.730483	0.616012	7	0	0.437500	100	4482	56.478074	0.999056	0.999980	49.567251	0.671538	0.730513	584	33.045804	0.915299	0.993669	24.126139	0.742311	0.675865	-14.223111	0.229479	-22.489930	-0.104211	True	0.824407	32.867717	0.894371	33.661633	0.581048	0.625760	0.813620	47.864849	0.999922	1_30
1_31.png	0.812369	0.698122	0.822228	0.792478	0.854299	0.994147	27.369107	0.998777	34.208931	0.656246	0.819496	1.005144	33.352523	0.903391	5664	10	13	15	9	2.030000	1.300000	200	203	998.175757	3.265659	0.000000	0.007215	-21.947360	-0.005791	-0.001184	0.011338	2542.241335	0.656246	0.656246	10	13	-3	15	9	2.030000	1.300000	10	13	200	203	176	4.917122	3.265659	998.175757	0.000000	10843	1.914371	14.340572	285x285	81225	sparse	Learned	707	10	93	5541	56.566679	0.999196	49.620028	0.999961	0.644908	0.631068	7	1	0.388462	100	4440	56.359833	0.998982	0.999952	49.704058	0.626827	0.643035	582	33.510843	0.915289	0.994031	25.468137	0.577895	0.597136	-15.411097	0.188428	-23.214156	-0.095805	True	0.812530	33.332400	0.902173	34.236738	0.583138	0.586138	0.805154	49.316466	0.999938	1_31
1_32.png	0.827609	0.691944	0.817928	0.778092	0.862063	0.994715	27.714821	0.998839	34.568162	0.662690	0.823423	0.978498	33.440175	0.904414	5602	10	13	19	13	2.029268	1.300000	205	208	1011.246825	3.292526	0.000000	0.008932	-21.444473	-0.005219	-0.001120	0.008721	2465.435028	0.662690	0.662690	10	13	-3	19	13	2.029268	1.300000	10	13	205	208	173	4.861764	3.292526	1011.246825	0.000000	10833	1.933774	14.499286	285x285	81225	sparse	Learned	689	10	93	5470	56.523997	0.999208	49.470642	0.999959	0.653969	0.612706	7	0	0.350000	100	4426	56.558481	0.999019	0.999950	50.040044	0.613811	0.653750	575	33.587291	0.912950	0.993197	25.348137	0.678042	0.614721	-14.902480	0.210717	-23.083822	-0.094793	True	0.827394	33.418403	0.902614	34.589418	0.576838	0.564435	0.818677	49.159294	0.999934	1_32
1_33.png	0.816253	0.721417	0.838166	0.816094	0.861466	0.993613	27.814252	0.998718	34.048526	0.686827	0.845018	1.071228	34.097260	0.907171	5575	9	15	21	11	2.059406	1.666667	202	208	978.033621	3.209091	0.000000	0.005190	-21.522354	-0.006316	-0.001241	0.011209	2847.544670	0.686827	0.686827	9	15	-6	21	11	2.059406	1.666667	9	16	202	208	170	4.702085	3.209091	978.033621	0.000000	10493	1.882152	14.569507	285x285	81225	sparse	Learned	689	9	93	5312	56.786617	0.999209	49.574720	0.999960	0.675618	0.621458	7	0	0.388889	100	4284	56.541761	0.998988	0.999953	49.807788	0.621458	0.674993	584	34.245748	0.925404	0.992438	25.621951	0.610487	0.631363	-15.526194	0.223560	-22.689357	-0.092037	True	0.816120	34.091613	0.906905	34.066264	0.586253	0.628010	0.811064	49.336606	0.999929	1_33
1_34.png	0.815931	0.713702	0.832936	0.809990	0.857221	0.994180	27.268584	0.998805	34.050021	0.676509	0.811376	1.008343	33.554409	0.906569	5568	9	15	19	9	2.060000	1.666667	200	206	968.305699	3.216436	0.000000	0.005977	-22.038334	-0.005756	-0.001155	0.017614	2708.636761	0.676509	0.676509	9	15	-6	19	9	2.060000	1.666667	10	16	200	206	172	4.700513	3.216436	968.305699	0.000000	10741	1.929059	14.587823	285x285	81225	sparse	Learned	680	10	93	5490	56.579379	0.999187	49.582107	0.999960	0.658895	0.671538	6	0	0.300000	100	4330	56.467854	0.998924	0.999952	49.851648	0.686514	0.660609	572	33.789361	0.921915	0.993884	25.402330	0.614913	0.611366	-15.532086	0.139838	-23.024969	-0.092618	True	0.816124	33.549835	0.904910	34.083536	0.575779	0.580583	0.809954	49.306918	0.999935	1_34
1_35.png	0.788061	0.694667	0.819827	0.799374	0.841354	0.993562	26.760058	0.998795	34.142716	0.648400	0.816951	1.288567	33.442591	0.905991	5545	10	13	15	9	2.029703	1.300000	202	205	985.376767	3.328076	0.000000	0.003573	-22.552583	-0.006367	-0.001161	0.017149	2729.056358	0.648400	0.648400	10	13	-3	15	9	2.029703	1.300000	10	13	202	205	178	4.806716	3.328076	985.376767	0.000000	10459	1.886204	14.648332	285x285	81225	sparse	Learned	700	10	93	5274	56.795650	0.999227	49.567389	0.999956	0.631251	0.728556	5	0	0.250000	100	4196	56.716948	0.998994	0.999949	50.054023	0.720848	0.630432	584	34.244697	0.921232	0.993182	26.085547	0.661535	0.585840	-15.424673	0.088395	-23.353059	-0.093236	True	0.789131	33.466814	0.905506	34.154834	0.563951	0.726688	0.784488	49.312641	0.999929	1_35
1_36.png	0.811414	0.722718	0.839044	0.838206	0.839884	0.993860	27.052128	0.999016	33.967087	0.687319	0.810620	1.139878	33.464543	0.904496	5443	10	12	16	12	2.020942	1.200000	191	193	963.234631	3.123220	0.000000	0.010972	-22.129334	-0.006068	-0.000948	0.025163	2131.101131	0.687319	0.687319	10	12	-2	16	12	2.020942	1.200000	10	12	191	193	163	4.990853	3.123220	963.234631	0.000000	10496	1.928348	14.922837	285x285	81225	sparse	Learned	674	10	93	5365	56.601505	0.999193	49.311600	0.999964	0.662156	0.619289	7	1	0.391667	100	4220	56.484291	0.998958	0.999959	49.768485	0.572585	0.661429	585	33.758818	0.908597	0.992631	25.187803	0.690666	0.612818	-15.344512	0.191331	-23.136962	-0.094697	True	0.811117	33.457106	0.902682	34.034391	0.572585	0.652677	0.800442	49.181463	0.999928	1_36
1_37.png	0.795999	0.734081	0.846651	0.838968	0.854476	0.994277	27.194305	0.998783	33.929459	0.684291	0.783267	1.011574	33.448854	0.905014	5630	10	14	22	14	2.038095	1.400000	210	214	981.104689	3.125431	0.000000	0.012615	-22.077586	-0.005656	-0.001184	0.025038	2223.995447	0.684291	0.684291	10	14	-4	22	14	2.038095	1.400000	11	15	210	214	174	4.584601	3.125431	981.104689	0.000000	10650	1.891652	14.427176	285x285	81225	sparse	Learned	690	11	93	5357	56.691923	0.999222	49.543976	0.999967	0.659253	0.721963	5	0	0.227273	100	4310	56.479536	0.998938	0.999959	49.900612	0.664902	0.658989	582	33.718951	0.902306	0.992781	25.297558	0.721963	0.617024	-15.614517	0.061305	-23.243069	-0.094208	True	0.796424	33.447077	0.904185	33.930276	0.575779	0.582443	0.783383	49.271890	0.999933	1_37
1_38.png	0.758278	0.689485	0.816207	0.786031	0.848792	0.994021	27.142602	0.998706	33.895829	0.611694	0.832371	1.035922	33.362611	0.907662	5707	10	15	21	12	2.048309	1.500000	207	212	1036.589971	3.179556	0.000000	0.001260	-22.321957	-0.005919	-0.001254	0.011270	2160.553932	0.611694	0.611694	10	15	-5	21	12	2.048309	1.500000	10	15	207	212	174	4.889575	3.179556	1036.589971	0.000000	10561	1.850534	14.232521	285x285	81225	sparse	Learned	711	10	93	5349	56.832370	0.999230	49.775371	0.999960	0.600424	0.587581	7	0	0.350000	100	4288	56.609408	0.998948	0.999951	50.005551	0.575627	0.595944	584	34.001132	0.913705	0.993742	25.909127	0.647722	0.563295	-15.879542	0.244790	-23.469759	-0.091567	True	0.757696	33.365802	0.906929	33.919506	0.558466	0.578527	0.757018	49.464559	0.999940	1_38
1_39.png	0.734319	0.666917	0.800180	0.769457	0.833458	0.995117	27.559298	0.998816	34.763701	0.580142	0.887522	1.061610	34.318829	0.913924	5476	8	14	23	13	2.059406	1.750000	202	208	1023.803174	3.427281	0.000000	0.015993	-21.839918	-0.004813	-0.001134	0.018741	2586.439848	0.580142	0.580142	8	14	-6	23	13	2.059406	1.750000	8	14	202	208	166	4.922131	3.427281	1023.803174	0.000000	10042	1.833820	14.832907	285x285	81225	sparse	Learned	688	8	93	5131	56.959918	0.999204	49.760399	0.999950	0.561401	0.525605	7	0	0.437500	100	4000	56.774862	0.998941	0.999932	50.003173	0.537648	0.561077	576	34.468608	0.913054	0.994335	26.320098	0.597476	0.537503	-14.996698	0.361918	-22.641088	-0.085279	True	0.733855	34.291697	0.913165	34.775560	0.555142	0.589344	0.718326	49.399216	0.999930	1_39
1_4.png	0.839930	0.750859	0.857703	0.916717	0.805829	0.993173	25.019441	0.999314	32.362049	0.748755	0.855214	1.253980	31.010523	0.871111	5442	8	10	9	5	2.023952	1.250000	167	169	898.021428	3.018720	0.000000	0.022064	-23.143505	-0.006757	-0.000668	0.045074	1904.797792	0.748755	0.748755	8	10	-2	9	5	2.023952	1.250000	8	10	167	169	153	5.313736	3.018720	898.021428	0.000000	10718	1.969497	14.925579	285x285	81225	sparse	Learned	668	8	92	5319	55.542726	0.999111	47.976580	0.999981	0.703681	0.667129	6	0	0.375000	100	4618	56.677360	0.999190	0.999984	49.380480	0.654697	0.703999	583	31.540863	0.885489	0.994230	22.804987	0.792992	0.660579	-15.614530	0.188085	-24.532203	-0.128000	True	0.839905	30.987523	0.869033	32.382124	0.589344	0.739026	0.817866	48.162945	0.999930	1_4
1_40.png	0.728900	0.653468	0.790421	0.746032	0.840428	0.994649	26.758334	0.998435	33.785846	0.570105	0.852084	1.313053	33.887974	0.915194	5575	9	14	23	14	2.049020	1.555556	204	209	997.790981	3.271681	0.000000	-0.001823	-22.459214	-0.005286	-0.001513	0.012718	2311.210632	0.570105	0.570105	9	14	-5	23	14	2.049020	1.555556	9	14	204	209	167	4.774120	3.271681	997.790981	0.000000	10187	1.827265	14.569507	285x285	81225	sparse	Learned	697	9	93	5155	56.857422	0.999208	49.505877	0.999948	0.557387	0.587973	6	0	0.333333	100	4054	56.710774	0.998942	0.999936	49.951698	0.594783	0.557108	585	34.470679	0.918890	0.992451	25.943838	0.578246	0.523690	-15.720031	0.264111	-22.969448	-0.084013	True	0.728885	33.856867	0.913185	33.783636	0.548419	0.720103	0.730723	49.217548	0.999936	1_40
1_41.png	0.722331	0.661567	0.796317	0.753167	0.844712	0.995301	27.325207	0.998369	34.470149	0.570905	0.807950	0.929374	34.259988	0.915743	5476	9	15	23	12	2.060000	1.666667	200	206	969.004184	3.328904	0.000000	-0.002317	-22.008389	-0.004634	-0.001579	0.017201	2531.607866	0.570905	0.570905	9	15	-6	23	12	2.060000	1.666667	10	15	200	206	165	4.703904	3.328904	969.004184	0.000000	9949	1.816837	14.832907	285x285	81225	sparse	Learned	675	10	93	5069	57.032384	0.999238	49.698200	0.999948	0.553703	0.556622	6	0	0.300000	100	3928	56.824447	0.998945	0.999931	49.998850	0.555142	0.553424	580	35.090733	0.926592	0.993101	26.564399	0.605446	0.535436	-15.228051	0.251328	-22.772396	-0.083495	True	0.722202	34.234031	0.913876	34.485406	0.542739	0.504407	0.724648	49.333596	0.999934	1_41
1_42.png	0.735866	0.671480	0.803455	0.763056	0.848372	0.995016	26.706951	0.998666	34.239427	0.591884	0.834701	1.056345	33.798092	0.912837	5417	7	12	20	11	2.051813	1.714286	193	198	937.092496	3.350101	0.000000	0.003833	-22.469658	-0.004923	-0.001282	0.019299	2499.592304	0.591884	0.591884	7	12	-5	20	11	2.051813	1.714286	9	12	193	198	162	4.732790	3.350101	937.092496	0.000000	10135	1.870962	14.994462	285x285	81225	sparse	Learned	667	9	93	5230	56.826822	0.999222	49.451262	0.999948	0.572584	0.510808	8	0	0.444444	100	4060	56.849453	0.998993	0.999937	50.073220	0.494648	0.574615	573	34.324031	0.917566	0.992802	26.141760	0.592073	0.535221	-15.211835	0.323893	-23.028730	-0.086385	True	0.735699	33.767873	0.911543	34.259131	0.541594	0.572110	0.732033	49.176608	0.999939	1_42
1_43.png	0.736411	0.662350	0.796884	0.754264	0.844608	0.995458	27.149697	0.998830	34.507553	0.591049	0.813998	0.885121	34.081512	0.911094	5358	10	14	22	14	2.040816	1.400000	196	200	973.406204	3.318771	0.000000	-0.003022	-22.201214	-0.004486	-0.001122	0.016417	2322.329283	0.591049	0.591049	10	14	-4	22	14	2.040816	1.400000	10	14	196	200	160	4.867031	3.318771	973.406204	0.000000	10097	1.884472	15.159574	285x285	81225	sparse	Learned	656	10	93	5111	56.990239	0.999241	49.680485	0.999952	0.574632	0.443822	9	0	0.450000	100	4028	56.817724	0.999002	0.999941	50.124727	0.529654	0.574357	585	34.763190	0.919602	0.993105	26.248542	0.576838	0.538549	-15.172932	0.370177	-22.908727	-0.088147	True	0.735708	34.078462	0.910269	34.551431	0.541594	0.479376	0.739433	49.350911	0.999944	1_43
1_44.png	0.741397	0.669278	0.801877	0.764118	0.843562	0.994800	25.918918	0.997896	32.875785	0.588575	0.798507	0.860144	33.053070	0.907976	5485	8	13	24	15	2.049261	1.625000	203	208	938.862048	3.142745	0.000000	-0.001664	-23.235987	-0.005142	-0.002053	0.026446	2503.226519	0.588575	0.588575	8	13	-5	24	15	2.049261	1.625000	10	15	203	208	164	4.513760	3.142745	938.862048	0.000000	10361	1.888970	14.808569	285x285	81225	sparse	Learned	652	10	93	5294	56.697685	0.999216	49.548433	0.999949	0.562128	0.528308	7	0	0.350000	100	4214	56.626013	0.998974	0.999936	49.970496	0.578246	0.561386	581	33.932514	0.923911	0.991746	25.519820	0.544206	0.538045	-16.672648	0.270199	-23.644615	-0.091240	True	0.740962	33.052133	0.906760	32.873477	0.551793	0.474622	0.743061	49.154905	0.999942	1_44
1_45.png	0.748780	0.697514	0.821807	0.808064	0.836025	0.994826	26.744874	0.998719	33.670989	0.632790	0.831736	1.083847	33.571015	0.908961	5352	9	10	17	15	2.010929	1.111111	183	184	928.920923	3.185608	0.000000	0.001555	-22.418735	-0.005112	-0.001240	0.029969	2201.775074	0.632790	0.632790	9	10	-1	17	15	2.010929	1.111111	9	11	183	184	151	5.048483	3.185608	928.920923	0.000000	10223	1.910127	15.176570	285x285	81225	sparse	Learned	661	9	93	5194	56.872203	0.999268	49.452335	0.999960	0.602821	0.601481	6	0	0.333333	100	4106	56.724290	0.998983	0.999950	49.898985	0.618381	0.606664	570	34.021204	0.910971	0.992702	25.577285	0.640605	0.574772	-15.781346	0.230255	-23.301188	-0.090307	True	0.747779	33.573233	0.908604	33.693441	0.569367	0.617107	0.747225	49.163609	0.999938	1_45
1_46.png	0.738885	0.703262	0.825782	0.816553	0.835223	0.994255	26.317972	0.998680	33.530638	0.628422	0.872546	0.960356	33.488285	0.906009	5546	8	13	23	14	2.051282	1.625000	195	200	962.619408	3.141567	0.000000	-0.002987	-22.785626	-0.005680	-0.001283	0.026531	2405.397177	0.628422	0.628422	8	13	-5	23	14	2.051282	1.625000	8	14	195	200	158	4.813097	3.141567	962.619408	0.000000	10144	1.829066	14.645691	285x285	81225	sparse	Learned	665	8	93	5249	56.774471	0.999252	49.386346	0.999963	0.601891	0.576838	6	0	0.375000	100	4108	56.690771	0.999020	0.999946	49.749260	0.534998	0.600991	581	33.952861	0.918696	0.993730	25.463043	0.628423	0.565180	-15.855709	0.295708	-23.286186	-0.093243	True	0.738662	33.496981	0.905494	33.580904	0.556253	0.534201	0.741872	49.103598	0.999936	1_46
1_47.png	0.786907	0.725025	0.840596	0.851019	0.830426	0.995225	26.689677	0.998972	34.017829	0.685516	0.814864	1.104737	33.615518	0.908697	5225	9	11	16	12	2.022599	1.222222	177	179	884.435642	3.265411	0.000000	-0.001313	-21.681462	-0.004701	-0.000988	0.032181	2256.491184	0.685516	0.685516	9	11	-2	16	12	2.022599	1.222222	9	11	177	179	149	4.940981	3.265411	884.435642	0.000000	10290	1.969378	15.545455	285x285	81225	sparse	Learned	635	9	92	4959	56.100646	0.999093	48.571529	0.999959	0.653335	0.505617	9	1	0.545455	100	4158	56.653703	0.999014	0.999955	49.717435	0.513248	0.653494	585	34.130111	0.910134	0.993745	25.443338	0.659271	0.618406	-14.553700	0.309248	-22.485128	-0.090396	True	0.786437	33.594675	0.906617	34.034066	0.563951	0.623017	0.788220	48.371140	0.999926	1_47
1_48.png	0.752961	0.712781	0.832309	0.832702	0.831915	0.993610	25.449155	0.998783	32.809116	0.644803	0.830234	1.118659	32.824754	0.902946	5535	9	13	20	13	2.040404	1.444444	198	202	931.891486	3.100154	0.000000	-0.004940	-23.613140	-0.006329	-0.001183	0.029898	2123.666286	0.644803	0.644803	9	13	-4	20	13	2.040404	1.444444	9	14	198	202	165	4.613324	3.100154	931.891486	0.000000	10347	1.869377	14.674797	285x285	81225	sparse	Learned	661	9	93	5356	56.660558	0.999231	49.357238	0.999966	0.614905	0.483149	8	0	0.444444	100	4280	56.627904	0.999023	0.999955	49.635201	0.471388	0.614507	579	33.068147	0.920278	0.994336	24.203964	0.650062	0.594155	-16.548122	0.347085	-23.835804	-0.096284	True	0.752491	32.820795	0.901806	32.820508	0.561765	0.628423	0.757902	49.062295	0.999938	1_48
1_49.png	0.766098	0.689899	0.816497	0.804494	0.828864	0.995024	26.991922	0.998929	33.816415	0.633640	0.837974	0.994798	33.749146	0.907012	5424	8	12	19	13	2.041667	1.500000	192	196	950.891486	3.189554	0.000000	0.006664	-22.223030	-0.004915	-0.001032	0.027428	2230.245829	0.633640	0.633640	8	12	-4	19	13	2.041667	1.500000	9	13	192	196	160	4.851487	3.189554	950.891486	0.000000	9940	1.832596	14.975111	285x285	81225	sparse	Learned	663	9	93	5168	56.851046	0.999247	49.416124	0.999961	0.606212	0.516885	8	0	0.444444	100	4036	56.884626	0.999049	0.999951	49.902709	0.519294	0.605905	568	33.813140	0.925622	0.993365	25.058095	0.640605	0.569628	-15.599709	0.321090	-23.101900	-0.092235	True	0.766057	33.749959	0.906306	33.830707	0.556253	0.553359	0.759434	49.214953	0.999939	1_49
1_5.png	0.844367	0.750162	0.857249	0.917593	0.804352	0.992195	25.204049	0.999294	32.054644	0.752558	0.889828	1.082416	31.164239	0.868906	5479	7	11	13	5	2.047337	1.571429	169	173	909.376767	2.864973	0.000000	0.028790	-22.975407	-0.007734	-0.000688	0.043534	1948.109865	0.752558	0.752558	7	11	-4	13	5	2.047337	1.571429	7	12	169	173	151	5.256513	2.864973	909.376767	0.000000	10856	1.981383	14.824786	285x285	81225	sparse	Learned	666	7	92	5386	55.517754	0.999095	48.084483	0.999982	0.709023	0.612706	7	0	0.500000	100	4598	56.693075	0.999164	0.999986	49.644487	0.610487	0.709408	582	31.805638	0.891038	0.995128	23.257252	0.680181	0.663645	-16.029839	0.277122	-24.353515	-0.130189	True	0.843493	31.143467	0.867967	32.088272	0.577895	0.625522	0.815577	48.179456	0.999928	1_5
1_50.png	0.773832	0.691564	0.817662	0.785651	0.852393	0.995154	26.716394	0.998728	33.740622	0.624156	0.841887	0.885876	33.531005	0.908142	5437	8	11	24	18	2.030769	1.375000	195	198	969.933116	3.330529	0.000000	0.011275	-22.508837	-0.004784	-0.001221	0.022032	2507.240534	0.624156	0.624156	8	11	-3	24	18	2.030769	1.375000	9	12	195	198	153	4.898652	3.330529	969.933116	0.000000	10161	1.868862	14.939305	285x285	81225	sparse	Learned	657	9	93	5234	56.863408	0.999266	49.516428	0.999950	0.602124	0.564573	7	0	0.388889	100	4156	56.806279	0.999055	0.999943	50.054363	0.516885	0.601915	566	33.568334	0.904585	0.992300	24.907263	0.620917	0.569996	-15.775806	0.277314	-23.332403	-0.091124	True	0.773793	33.518937	0.905823	33.739623	0.550671	0.487826	0.762557	49.225230	0.999938	1_50
1_51.png	0.784237	0.673745	0.805075	0.775218	0.837323	0.995080	27.028541	0.998399	33.822291	0.619112	0.824128	0.932866	33.476280	0.904566	5674	8	16	24	10	2.078431	2.000000	204	212	1006.376767	3.218732	0.000000	0.014753	-22.806648	-0.004864	-0.001557	0.024063	2395.677805	0.619112	0.619112	8	16	-8	24	10	2.078431	2.000000	10	15	204	212	170	4.747060	3.218732	1006.376767	0.000000	10238	1.804371	14.315298	285x285	81225	sparse	Learned	698	10	94	5659	57.466495	0.999395	50.200290	0.999956	0.595048	0.623436	6	0	0.300000	100	4190	56.798010	0.999053	0.999943	50.027986	0.622178	0.595718	583	33.917110	0.924706	0.993233	25.411289	0.749426	0.567101	-16.378000	0.200692	-23.990215	-0.094830	True	0.784773	33.479300	0.904180	33.857948	0.558466	0.520974	0.769483	49.835189	0.999945	1_51
1_52.png	0.759641	0.650796	0.788463	0.738246	0.846010	0.993915	25.664348	0.997935	32.855473	0.579944	0.836673	1.071785	32.566679	0.902680	6141	9	16	33	20	2.059574	1.777778	235	242	1058.874242	3.154390	0.000000	0.010132	-24.098147	-0.006029	-0.002016	0.020497	2844.352484	0.579944	0.579944	9	16	-7	33	20	2.059574	1.777778	10	19	235	242	182	4.375513	3.154390	1058.874242	0.000000	10490	1.708191	13.226673	285x285	81225	sparse	Learned	715	10	94	5859	57.297750	0.999363	50.374327	0.999950	0.559446	0.514463	8	0	0.400000	100	4320	56.492717	0.998984	0.999922	49.851630	0.507125	0.559598	497	31.305611	0.877630	0.988268	23.306176	0.552912	0.531242	-17.518854	0.322210	-24.731070	-0.096683	True	0.758621	32.547983	0.899435	32.864934	0.569367	0.610239	0.749510	49.762495	0.999944	1_52
1_53.png	0.734829	0.672455	0.804153	0.773493	0.837345	0.994321	26.785033	0.998427	33.678032	0.584077	0.879065	0.836592	33.298191	0.907836	5628	7	14	26	12	2.066038	2.000000	212	219	992.246825	3.242865	0.000000	0.017579	-22.391491	-0.005613	-0.001525	0.023730	2556.767225	0.584077	0.584077	7	14	-7	26	12	2.066038	2.000000	8	15	212	219	174	4.530807	3.242865	992.246825	0.000000	10216	1.815210	14.432303	285x285	81225	sparse	Learned	670	8	93	5280	56.800765	0.999227	49.484790	0.999952	0.560347	0.410217	10	0	0.375000	100	4176	56.711160	0.999004	0.999935	49.957848	0.437608	0.561053	585	34.118231	0.916913	0.993792	25.845652	0.546803	0.537531	-15.806758	0.468848	-23.502574	-0.091391	True	0.733560	33.287946	0.905703	33.696250	0.565039	0.472708	0.717251	49.176524	0.999934	1_53
1_54.png	0.723223	0.683032	0.811668	0.769424	0.858821	0.995055	27.244934	0.998235	33.691313	0.580579	0.790703	0.838614	33.540767	0.913863	5531	9	11	19	17	2.020942	1.222222	191	193	916.447835	3.453751	0.000000	0.006631	-21.959071	-0.004879	-0.001708	0.007339	2829.540014	0.580579	0.580579	9	11	-2	19	17	2.020942	1.222222	10	12	191	193	155	4.748434	3.453751	916.447835	0.000000	10501	1.898572	14.685410	285x285	81225	sparse	Learned	648	10	93	5336	56.685402	0.999209	49.453122	0.999943	0.573240	0.469181	9	1	0.491667	100	4276	56.604138	0.998967	0.999926	49.840858	0.514463	0.573160	583	34.007156	0.924431	0.993897	25.830435	0.401902	0.521644	-15.761809	0.321522	-23.144635	-0.085346	True	0.723053	33.539983	0.910907	33.787602	0.569367	0.477479	0.716593	49.204005	0.999934	1_54
1_55.png	0.651676	0.671149	0.803218	0.759510	0.852264	0.994739	27.333149	0.997779	33.663011	0.527087	0.843634	0.581980	33.878445	0.915240	5627	8	17	30	15	2.089552	2.125000	201	210	981.246825	3.480512	0.000000	0.008462	-22.936013	-0.005199	-0.002169	0.009880	2988.673687	0.527087	0.527087	8	17	-9	30	15	2.089552	2.125000	9	18	201	210	156	4.672604	3.480512	981.246825	0.000000	10280	1.826906	14.434868	285x285	81225	sparse	Learned	663	9	94	5623	57.556435	0.999297	50.619215	0.999948	0.517207	0.414656	9	0	0.500000	100	4144	56.698838	0.998909	0.999923	50.138516	0.410741	0.516189	579	34.735761	0.931026	0.994196	26.543499	0.496270	0.498460	-16.956204	0.428978	-23.677990	-0.084056	True	0.654750	33.875784	0.913863	33.675568	0.565039	0.328842	0.643214	50.269162	0.999938	1_55
1_56.png	0.675342	0.661146	0.796012	0.742640	0.857650	0.993869	26.824614	0.997331	33.523751	0.524199	0.857568	0.454267	33.531235	0.911815	5755	9	14	30	22	2.045872	1.555556	218	223	1024.974747	3.524562	0.000000	0.017338	-23.286323	-0.006066	-0.002612	0.014750	2817.937374	0.524199	0.524199	9	14	-5	30	22	2.045872	1.555556	9	16	218	223	166	4.596299	3.524562	1024.974747	0.000000	10233	1.778106	14.113814	285x285	81225	sparse	Learned	683	9	94	5551	57.629181	0.999335	50.543482	0.999943	0.509450	0.513248	7	0	0.388889	100	4084	56.759239	0.998962	0.999916	50.064045	0.504831	0.510153	574	34.549837	0.932782	0.993605	26.588570	0.509058	0.489448	-17.019731	0.344320	-24.097946	-0.087521	True	0.675342	33.537801	0.911017	33.549809	0.573652	0.260592	0.658004	50.110937	0.999935	1_56
1_57.png	0.683752	0.650921	0.788555	0.745549	0.836826	0.993713	25.661047	0.997919	32.801987	0.544536	0.852740	0.919662	33.492714	0.913279	5690	8	17	32	16	2.082949	2.125000	217	226	1007.175757	3.126470	0.000000	0.012615	-24.392921	-0.006228	-0.002033	0.019267	2523.083925	0.544536	0.544536	8	17	-9	32	16	2.082949	2.125000	9	18	217	226	169	4.456530	3.126470	1007.175757	0.000000	9973	1.752724	14.275044	285x285	81225	sparse	Learned	678	9	94	5543	57.596909	0.999345	50.395834	0.999953	0.525269	0.480558	8	1	0.472222	100	4076	56.680804	0.998947	0.999926	49.875606	0.479258	0.525114	572	34.882637	0.928838	0.993233	26.454047	0.589344	0.489498	-17.593847	0.372182	-24.104195	-0.086066	True	0.683808	33.490304	0.912809	32.802730	0.549546	0.505397	0.671136	50.053968	0.999941	1_57
1_58.png	0.641048	0.632277	0.774718	0.725888	0.830591	0.995484	28.277675	0.997780	34.547112	0.526435	0.812129	0.774584	35.294318	0.926386	5465	9	14	27	19	2.048077	1.555556	208	213	972.790981	3.320799	0.000000	-0.001944	-22.426249	-0.004444	-0.002155	0.009906	2810.327053	0.526435	0.526435	9	14	-5	27	19	2.048077	1.555556	10	15	208	213	162	4.567094	3.320799	972.790981	0.000000	9329	1.707045	14.862763	285x285	81225	sparse	Learned	673	10	94	5140	58.166506	0.999329	50.941475	0.999935	0.516529	0.501994	7	2	0.416667	100	3680	56.965229	0.998867	0.999903	50.202385	0.438700	0.517962	579	36.223051	0.938601	0.993096	28.072127	0.559568	0.486313	-16.394363	0.310135	-22.872189	-0.072943	True	0.640584	35.295209	0.925706	34.573528	0.556253	0.430864	0.642993	50.703925	0.999927	1_58
1_59.png	0.664653	0.632096	0.774582	0.722138	0.835239	0.994402	26.855616	0.998092	33.849076	0.525716	0.855976	0.678063	34.180838	0.919221	5697	9	18	33	16	2.082192	2.000000	219	228	1011.305699	3.435849	0.000000	0.012524	-23.741070	-0.005537	-0.001855	0.013079	2812.572718	0.525716	0.525716	9	18	-9	33	16	2.082192	2.000000	9	19	219	228	170	4.435551	3.435849	1011.305699	0.000000	9707	1.703879	14.257504	285x285	81225	sparse	Learned	690	9	94	5354	57.951431	0.999348	50.849096	0.999947	0.512637	0.392120	9	0	0.500000	100	3898	56.855428	0.998913	0.999918	50.127255	0.406799	0.517573	583	35.671553	0.939030	0.994128	27.415772	0.459359	0.499508	-17.000020	0.463856	-23.770594	-0.080127	True	0.665719	34.197311	0.918991	33.896412	0.545019	0.369558	0.652129	50.596685	0.999939	1_59
1_6.png	0.835769	0.749357	0.856723	0.910404	0.809020	0.993203	26.366134	0.999259	32.914196	0.737057	0.869320	1.282673	32.043207	0.875217	5554	8	15	20	9	2.072539	1.875000	193	200	950.134126	2.882766	0.000000	0.020545	-21.962723	-0.006714	-0.000721	0.042441	1975.530148	0.737057	0.737057	8	15	-7	20	9	2.072539	1.875000	8	14	193	200	164	4.750671	2.882766	950.134126	0.000000	10644	1.916457	14.624595	285x285	81225	sparse	Learned	679	8	92	5291	55.654947	0.999066	48.218145	0.999979	0.694616	0.662661	6	0	0.375000	100	4386	56.695379	0.999136	0.999981	49.704234	0.666017	0.695876	570	31.672458	0.880691	0.993020	23.064457	0.555142	0.639102	-15.303949	0.206659	-23.611739	-0.123849	True	0.836215	32.046826	0.875145	32.919471	0.576838	0.739894	0.815224	48.328857	0.999917	1_6
1_60.png	0.656594	0.632237	0.774688	0.728583	0.827022	0.994793	26.488261	0.998315	34.269504	0.535241	0.836673	0.945882	34.182364	0.920139	5563	9	19	30	15	2.092166	2.111111	217	227	1050.418398	3.355443	0.000000	0.001275	-24.001002	-0.005138	-0.001631	0.016406	2910.387754	0.535241	0.535241	9	19	-10	30	15	2.092166	2.111111	10	19	217	227	172	4.627394	3.355443	1050.418398	0.000000	9622	1.729642	14.600935	285x285	81225	sparse	Learned	682	10	94	5353	57.965306	0.999354	50.828628	0.999946	0.518835	0.462056	8	0	0.400000	100	3844	56.961551	0.998930	0.999919	50.188489	0.453926	0.516885	579	35.709230	0.938871	0.992940	27.464599	0.525605	0.498888	-16.559124	0.374617	-23.782942	-0.079214	True	0.656370	34.188261	0.919310	34.285206	0.551793	0.521931	0.655318	50.489263	0.999931	1_60
1_61.png	0.670449	0.622439	0.767288	0.704194	0.842801	0.994322	27.111737	0.997968	34.585628	0.526241	0.841535	0.642341	34.371726	0.919634	5522	8	14	33	21	2.054545	1.750000	220	226	966.962554	3.552140	0.000000	0.009665	-23.260014	-0.005614	-0.001970	0.011472	3084.273338	0.526241	0.526241	8	14	-6	33	21	2.054545	1.750000	9	16	220	226	166	4.278595	3.552140	966.962554	0.000000	9885	1.790112	14.709344	285x285	81225	sparse	Learned	641	9	94	5457	57.714811	0.999315	50.661807	0.999939	0.514769	0.475337	8	1	0.475694	100	3982	56.745614	0.998915	0.999910	50.076372	0.430059	0.516196	573	35.259599	0.934926	0.993287	26.983223	0.528308	0.506161	-16.076179	0.366198	-23.343086	-0.079681	True	0.669990	34.374532	0.919995	34.587893	0.566126	0.363646	0.660783	50.371751	0.999936	1_61
1_62.png	0.714824	0.627914	0.771434	0.718558	0.832709	0.992641	25.562526	0.997414	33.148074	0.568497	0.823070	0.741559	33.935137	0.918855	5757	9	14	26	18	2.044843	1.555556	223	228	1003.862048	3.355934	0.000000	0.018313	-25.050631	-0.007287	-0.002525	0.020205	3037.415981	0.568497	0.568497	9	14	-5	26	18	2.044843	1.555556	10	17	223	228	179	4.402904	3.355934	1003.862048	0.000000	9789	1.700365	14.108911	285x285	81225	sparse	Learned	692	10	94	5341	57.987494	0.999324	50.993403	0.999939	0.548292	0.481855	8	0	0.400000	100	3850	56.698454	0.998872	0.999912	50.150993	0.493383	0.548419	575	35.853153	0.940587	0.993239	27.695504	0.524247	0.513773	-17.845329	0.341215	-24.052357	-0.080469	True	0.713184	33.925162	0.919117	33.155553	0.558466	0.414135	0.696512	50.613157	0.999928	1_62
1_63.png	0.649983	0.608749	0.756798	0.700047	0.823562	0.991746	25.623983	0.997100	32.540457	0.514729	0.889749	0.652609	33.685601	0.918834	5995	8	14	34	26	2.051282	1.750000	234	240	1025.004184	3.145479	0.000000	0.009034	-25.776068	-0.008196	-0.002854	0.010401	2866.433144	0.514729	0.514729	8	14	-6	34	26	2.051282	1.750000	8	20	234	240	174	4.270851	3.145479	1025.004184	0.000000	9930	1.656380	13.548791	285x285	81225	sparse	Learned	713	8	95	5844	58.804105	0.999466	51.740599	0.999953	0.504328	0.448437	8	0	0.500000	100	3968	56.869003	0.998928	0.999915	50.179292	0.474024	0.506069	504	33.225702	0.910305	0.990876	24.766808	0.576838	0.478521	-19.200143	0.441312	-25.118504	-0.080632	True	0.651471	33.685019	0.917930	32.577963	0.566126	0.369459	0.640949	51.400051	0.999942	1_63
1_64.png	0.728242	0.632404	0.774813	0.724571	0.832542	0.993432	26.256034	0.997749	33.179928	0.584447	0.850763	0.814587	33.567992	0.916867	6059	7	16	28	13	2.082569	2.285714	218	227	996.690476	3.382953	0.000000	0.015489	-25.088010	-0.006512	-0.002209	0.016529	3706.452131	0.584447	0.584447	7	16	-9	28	13	2.082569	2.285714	9	17	218	227	177	4.390707	3.382953	996.690476	0.000000	10122	1.670573	13.405678	285x285	81225	sparse	Learned	757	9	95	6018	58.648348	0.999488	51.541385	0.999958	0.567918	0.525266	8	1	0.473856	100	4144	56.670096	0.998929	0.999919	50.092666	0.543880	0.568785	501	32.447053	0.894309	0.989159	24.337443	0.559568	0.522456	-18.361457	0.325498	-25.080357	-0.082620	True	0.728750	33.574097	0.916042	33.220120	0.566126	0.461158	0.712754	51.344044	0.999945	1_64
1_65.png	0.662969	0.631754	0.774325	0.725537	0.830147	0.993708	26.382915	0.997807	33.100595	0.535642	0.856615	0.575748	33.357612	0.915491	5842	8	16	37	22	2.067511	2.000000	237	245	1020.418398	3.363865	0.000000	0.013914	-24.000507	-0.006224	-0.002142	0.009540	2871.884584	0.535642	0.535642	8	16	-8	37	22	2.067511	2.000000	9	19	237	245	178	4.164973	3.363865	1020.418398	0.000000	10361	1.773536	13.903629	285x285	81225	sparse	Learned	673	9	94	5670	57.668419	0.999334	50.748272	0.999950	0.526102	0.428791	9	1	0.526316	100	4202	56.570037	0.998874	0.999928	50.138001	0.463399	0.525291	504	32.736034	0.904269	0.990515	24.646977	0.487011	0.495179	-17.647677	0.427824	-24.310807	-0.083843	True	0.662576	33.361905	0.914641	33.173552	0.566126	0.325946	0.649054	50.383422	0.999932	1_65
1_66.png	0.667223	0.639597	0.780188	0.756343	0.805586	0.994367	27.252638	0.998171	34.031366	0.554787	0.750925	0.526705	34.006636	0.916692	5508	11	14	23	17	2.031250	1.272727	192	195	957.778787	3.301879	0.000000	0.013929	-22.566440	-0.005550	-0.001777	0.014509	2504.277229	0.554787	0.554787	11	14	-3	23	17	2.031250	1.272727	12	14	192	195	152	4.911686	3.301879	957.778787	0.000000	10160	1.844590	14.746732	285x285	81225	sparse	Learned	664	12	93	5135	57.026575	0.999187	50.011294	0.999949	0.540279	0.421124	9	1	0.410714	100	4068	56.598874	0.998846	0.999930	50.001044	0.423691	0.541465	578	34.705398	0.924602	0.993777	26.338953	0.430217	0.510671	-15.979928	0.329801	-23.019939	-0.082495	True	0.667613	33.999758	0.915631	34.065196	0.578948	0.304935	0.653294	49.819078	0.999917	1_66
1_67.png	0.645331	0.642039	0.782002	0.751418	0.815181	0.993913	26.423405	0.997988	34.059839	0.531522	0.778487	0.677889	34.182695	0.919585	5542	9	14	28	19	2.048077	1.555556	208	213	959.820418	3.241879	0.000000	0.014000	-24.057729	-0.006016	-0.001964	0.021223	2412.377357	0.531522	0.531522	9	14	-5	28	19	2.048077	1.555556	11	16	208	213	161	4.506199	3.241879	959.820418	0.000000	9710	1.752075	14.656261	285x285	81225	sparse	Learned	663	11	94	5345	57.916683	0.999327	50.827905	0.999952	0.510299	0.390768	9	0	0.409091	100	3904	56.854233	0.998919	0.999923	50.044436	0.390768	0.509988	584	35.903794	0.939345	0.994548	27.634306	0.424970	0.493023	-16.768065	0.387719	-23.733989	-0.079742	True	0.645218	34.174254	0.919136	34.065654	0.556253	0.377078	0.631330	50.481134	0.999929	1_67
1_68.png	0.670886	0.619714	0.765214	0.753413	0.777392	0.994445	26.957387	0.998627	34.376480	0.572331	0.737718	0.859633	34.023769	0.917624	5256	11	12	16	14	2.010471	1.090909	191	192	929.749350	3.319589	0.000000	0.000785	-22.981854	-0.005473	-0.001320	0.010677	2499.331951	0.572331	0.572331	11	12	-1	16	14	2.010471	1.090909	12	12	191	192	161	4.842445	3.319589	929.749350	0.000000	9481	1.803843	15.453767	285x285	81225	sparse	Learned	648	12	93	4940	57.327866	0.999269	49.964696	0.999947	0.561654	0.472708	8	1	0.375000	100	3816	57.016635	0.998960	0.999928	50.086168	0.471388	0.559687	583	35.944144	0.938591	0.995230	27.758368	0.433846	0.513173	-15.588216	0.265010	-23.304097	-0.081645	True	0.670498	34.019588	0.916664	34.388784	0.565039	0.485726	0.670101	49.939242	0.999918	1_68
1_69.png	0.690488	0.637199	0.778401	0.764572	0.792740	0.995104	28.006297	0.998552	34.504598	0.592811	0.825530	0.803145	34.556155	0.919649	5496	10	15	26	17	2.046948	1.500000	213	218	1008.305699	3.130376	0.000000	0.009675	-22.469620	-0.004826	-0.001403	0.013311	2345.500946	0.592811	0.592811	10	15	-5	26	17	2.046948	1.500000	10	15	213	218	170	4.625256	3.130376	1008.305699	0.000000	9477	1.724345	14.778930	285x285	81225	sparse	Learned	682	10	94	5321	57.965306	0.999383	50.571268	0.999954	0.579499	0.476647	8	1	0.433333	100	3854	56.813379	0.998966	0.999931	49.883362	0.487011	0.579958	579	35.488875	0.941865	0.994787	27.213780	0.517402	0.538262	-16.066670	0.348882	-23.409150	-0.079734	True	0.690604	34.549333	0.918104	34.511796	0.584179	0.469181	0.680813	50.475917	0.999930	1_69
1_7.png	0.834466	0.735885	0.847850	0.895575	0.804955	0.993254	28.138869	0.999244	34.500175	0.731543	0.851920	1.227376	33.743537	0.883342	5229	8	9	10	9	2.012500	1.125000	160	161	899.447835	3.020297	0.000000	0.018629	-21.487597	-0.006660	-0.000728	0.037927	1991.527557	0.731543	0.731543	8	9	-1	10	9	2.012500	1.125000	8	8	160	161	141	5.586633	3.020297	899.447835	0.000000	10006	1.913559	15.533563	285x285	81225	sparse	Learned	670	8	93	5196	57.034460	0.999274	49.560336	0.999972	0.693615	0.654697	6	0	0.375000	100	4030	56.994765	0.999128	0.999974	50.049659	0.608254	0.692138	577	34.243500	0.920379	0.995100	25.810965	0.740241	0.647615	-15.060161	0.197222	-23.290924	-0.115932	True	0.834625	33.749249	0.882561	34.501351	0.582095	0.714449	0.815837	49.626466	0.999915	1_7
1_70.png	0.652778	0.606148	0.754785	0.747630	0.762078	0.994457	27.895531	0.998575	34.336727	0.573520	0.798836	0.952216	34.798986	0.919274	5563	11	16	28	21	2.045045	1.454545	222	227	1016.134126	2.981514	0.000000	0.002517	-22.764151	-0.005464	-0.001381	0.009951	2229.582548	0.573520	0.573520	11	16	-5	28	21	2.045045	1.454545	11	18	222	227	173	4.476362	2.981514	1016.134126	0.000000	9065	1.629516	14.600935	285x285	81225	sparse	Learned	695	11	94	5172	58.125193	0.999371	50.714555	0.999956	0.563570	0.549171	6	0	0.272727	100	3632	57.126398	0.998993	0.999933	50.107087	0.480187	0.563781	581	36.204774	0.935799	0.994739	27.926359	0.547666	0.532825	-16.377828	0.249666	-23.326207	-0.080097	True	0.652778	34.810034	0.918846	34.352106	0.571515	0.544206	0.650261	50.659682	0.999921	1_70
1_71.png	0.679251	0.645659	0.784681	0.793852	0.775719	0.995557	29.476469	0.998864	35.306635	0.619330	0.745045	0.725546	35.395249	0.920226	5179	10	13	20	14	2.031579	1.300000	190	193	948.163564	3.153931	0.000000	0.007107	-20.618732	-0.004356	-0.001091	0.013810	2191.640377	0.619330	0.619330	10	13	-3	20	14	2.031579	1.300000	12	13	190	193	156	4.912765	3.153931	948.163564	0.000000	9263	1.788569	15.683530	285x285	81225	sparse	Learned	648	12	93	4817	57.482584	0.999258	50.002223	0.999955	0.605520	0.484439	8	1	0.371795	100	3756	57.123853	0.999020	0.999936	50.125728	0.479258	0.605047	582	36.218322	0.940117	0.994585	27.375737	0.481855	0.573944	-14.695588	0.260605	-22.087335	-0.079033	True	0.679251	35.401525	0.920222	35.319730	0.586253	0.425353	0.672144	50.095201	0.999912	1_71
1_72.png	0.674717	0.660024	0.795198	0.785201	0.805453	0.994891	28.333398	0.998434	34.833563	0.604160	0.804462	0.813325	35.079523	0.919287	5271	9	14	24	14	2.049505	1.555556	202	207	959.175757	3.090847	0.000000	-0.002677	-22.411855	-0.005029	-0.001524	0.013376	2246.179104	0.604160	0.604160	9	14	-5	24	14	2.049505	1.555556	10	15	202	207	164	4.633699	3.090847	959.175757	0.000000	9377	1.778979	15.409789	285x285	81225	sparse	Learned	664	10	94	5177	58.123591	0.999348	50.871945	0.999958	0.590785	0.519294	8	1	0.433333	100	3746	56.994353	0.998932	0.999940	50.244996	0.509583	0.591827	584	36.028102	0.937060	0.994108	27.795757	0.497168	0.553284	-16.038382	0.285168	-23.044069	-0.080061	True	0.674606	35.071633	0.919222	34.818604	0.575779	0.468295	0.677393	50.745253	0.999919	1_72
1_73.png	0.685906	0.646524	0.785320	0.793267	0.777531	0.993191	28.732153	0.998591	34.579479	0.637727	0.733834	0.851603	35.476917	0.921891	4860	10	10	17	17	2.000000	1.000000	174	174	854.577777	3.121028	0.000000	0.007498	-21.358493	-0.006717	-0.001363	0.012005	2348.067045	0.637727	0.637727	10	10	0	17	17	2.000000	1.000000	11	11	174	174	140	4.911367	3.121028	854.577777	0.000000	9102	1.872840	16.712963	285x285	81225	sparse	Learned	593	11	93	4728	57.672266	0.999306	49.958351	0.999954	0.625722	0.454835	9	1	0.454545	100	3590	57.145107	0.999025	0.999941	50.062181	0.519294	0.625240	649	37.108889	0.960138	0.996394	28.351985	0.474024	0.582733	-15.378871	0.278999	-22.195349	-0.077415	True	0.686021	35.452228	0.921040	34.587239	0.566126	0.482114	0.678408	50.090646	0.999907	1_73
1_8.png	0.846956	0.728860	0.843169	0.867931	0.819779	0.993622	28.055274	0.998960	34.094994	0.717411	0.877237	1.089041	33.638296	0.884796	5594	8	12	19	11	2.040000	1.500000	200	204	975.134126	3.056586	0.000000	0.022610	-21.464828	-0.006292	-0.001009	0.026284	1969.725132	0.717411	0.717411	8	12	-4	19	11	2.040000	1.500000	8	13	200	204	170	4.780069	3.056586	975.134126	0.000000	10467	1.871112	14.520021	285x285	81225	sparse	Learned	704	8	93	5385	56.760019	0.999215	49.571850	0.999969	0.691126	0.624689	7	0	0.437500	100	4192	56.681187	0.999043	0.999964	49.815932	0.627892	0.691323	569	33.366303	0.893284	0.993996	25.115943	0.688597	0.651014	-15.476856	0.252548	-23.121722	-0.114420	True	0.846848	33.649237	0.884050	34.168554	0.577895	0.629351	0.824347	49.520102	0.999914	1_8
1_9.png	0.852565	0.754228	0.859897	0.898854	0.824178	0.990675	25.934843	0.998748	32.457185	0.752241	0.870943	1.061829	32.424056	0.875102	5727	8	12	18	14	2.040201	1.500000	199	203	955.447835	2.864808	0.000000	0.028241	-23.217286	-0.009240	-0.001228	0.033220	2072.566271	0.752241	0.752241	8	12	-4	18	14	2.040201	1.500000	8	17	199	203	167	4.706640	2.864808	955.447835	0.000000	10666	1.862406	14.182818	285x285	81225	sparse	Learned	710	8	93	5542	56.494551	0.999206	49.203931	0.999977	0.719020	0.675888	6	0	0.375000	100	4330	56.589490	0.999118	0.999975	49.770945	0.740241	0.714225	584	33.259731	0.888495	0.994501	25.239998	0.745384	0.681987	-16.746746	0.195055	-24.070495	-0.124104	True	0.853136	32.439955	0.875833	32.474820	0.594445	0.631200	0.824324	49.152129	0.999915	1_9
