filename	ng_fg_ssim	ng_fg_psnr	ng_iou	ng_topo_q	ng_psnr	ng_ssim	ng_bytes	graph_n_components	graph_n_cycles	graph_n_junctions	graph_n_endpoints	graph_mean_degree	graph_complexity	n_nodes	n_edges	total_edge_length	mean_width_px	mean_curvature	delta_fg_ssim	delta_iou	total_time_ms	ng_n_components	ng_n_cycles	ng_euler_characteristic	ng_n_junctions	ng_n_endpoints	ng_mean_degree	ng_graph_complexity	ng_seg_beta_0	ng_seg_beta_1	graph_n_nodes	graph_n_edges	graph_n_sampled	graph_mean_edge_length	graph_mean_width	graph_total_edge_length	graph_mean_curvature	png_bytes	ng_vs_png	ng_vs_raw	image_shape	image_pixels	image_type	segmenter	n_points	n_structures	jpeg_quality	jpeg_bytes	jpeg_psnr	jpeg_ssim	jpeg_fg_psnr	jpeg_fg_ssim	jpeg_iou	jpeg_topo_q	jpeg_beta_0	jpeg_beta_1	jpeg_betti_preservation	webp_quality	webp_bytes	webp_psnr	webp_ssim	webp_fg_ssim	webp_fg_psnr	webp_topo_q	webp_iou	jp2_bytes	jp2_psnr	jp2_ssim	jp2_fg_ssim	jp2_fg_psnr	jp2_topo_q	jp2_iou	delta_fg_psnr	delta_topo_q	delta_psnr	delta_ssim	gt_available	stem
retina_green_full.png	0.992983	33.477086	0.135005	1.000000	25.265906	0.762449	67236	39	798	1717	463	2.233467	20.461538	6502	7261	19334.462953	7.471641	0.096461	-0.005279	0.002442	61221.665144	39	798	-759	1717	463	2.233467	20.461538	39	93	6502	7261	4322	2.662782	7.471641	19334.462953	0.096461	542875	8.074172	29.610938	1411x1411	1990921	sparse	Otsu	6502	39	55	66333	45.332016	0.978229	43.859657	0.998262	0.132563	1.000000	13	245	0.000000	88	66428	46.756906	0.984340	0.998631	44.957186	1.000000	0.132514	129398	49.707345	0.991489	0.999336	48.283360	1.000000	0.132499	-10.382571	0.000000	-20.066110	-0.215780	False	retina_green_full
retina_tile_000.png	0.989849	32.563929	0.296864	0.999968	28.530306	0.803484	9674	27	71	179	106	2.054121	2.629630	1626	1670	2863.584201	3.790024	0.034633	-0.009992	0.002251	5109.781981	27	71	-44	179	106	2.054121	2.629630	27	4	1626	1670	1341	1.714721	3.790024	2863.584201	0.034633	17682	1.827786	6.774447	256x256	65536	dense	Otsu	1626	27	96	8885	56.586094	0.998337	54.483956	0.999841	0.294614	0.999962	1	4	0.518519	100	6684	52.228839	0.995360	0.999631	50.472237	0.999590	0.294543	249	26.620870	0.758945	0.980959	24.546254	0.994483	0.288123	-21.920028	0.000006	-28.055788	-0.194853	False	retina_tile_000
retina_tile_001.png	0.990191	34.099807	0.230244	0.999842	28.801030	0.802982	6427	13	45	103	54	2.076100	3.461538	841	873	1916.451485	5.146838	0.056128	-0.008993	0.033106	883.805275	13	45	-32	103	54	2.076100	3.461538	13	3	841	873	684	2.195248	5.146838	1916.451485	0.056128	22634	3.521705	10.196981	256x256	65536	sparse	Otsu	841	13	85	5918	48.942169	0.990680	48.232545	0.999184	0.197138	0.999914	1	5	0.205128	96	6038	49.051943	0.991005	0.999155	48.161579	0.999622	0.197100	343	31.862815	0.866219	0.985702	31.160352	1.000000	0.198464	-14.132739	-0.000072	-20.141139	-0.187698	False	retina_tile_001
retina_tile_002.png	0.977054	32.345424	0.362679	1.000000	27.106628	0.740684	12147	18	170	351	103	2.160847	9.444444	1890	2042	4179.498563	4.791839	0.039747	-0.022671	0.004037	2170.753241	18	170	-152	351	103	2.160847	9.444444	18	25	1890	2042	1436	2.046767	4.791839	4179.498563	0.039747	19901	1.638347	5.395242	256x256	65536	sparse	Otsu	1890	18	98	11579	57.239263	0.998366	56.465925	0.999725	0.358641	0.986431	1	0	0.027778	100	7358	51.485909	0.994075	0.999030	50.841878	0.986700	0.358654	243	27.919116	0.811323	0.973983	28.128023	0.984701	0.349663	-24.120502	0.013569	-30.132635	-0.257682	False	retina_tile_002
retina_tile_003.png	0.994630	33.045768	0.328435	0.999725	29.284490	0.854482	7210	16	64	143	67	2.077047	4.000000	1246	1294	2563.165932	3.971558	0.030946	-0.005299	-0.001070	4267.889500	16	64	-48	143	67	2.077047	4.000000	16	3	1246	1294	1036	1.980808	3.971558	2563.165932	0.030946	12317	1.708322	9.089598	256x256	65536	dense	Otsu	1246	16	97	7081	59.101461	0.999023	55.125949	0.999929	0.329504	0.999731	1	0	0.031250	100	4552	54.293940	0.997011	0.999810	50.753976	0.999731	0.329463	278	29.875287	0.760682	0.982218	25.604213	0.999910	0.321599	-22.080182	-0.000005	-29.816972	-0.144541	False	retina_tile_003
retina_tile_004.png	0.992137	32.470566	0.296200	0.999914	28.212843	0.790039	9253	31	106	243	121	2.101010	3.419355	1485	1560	2764.383616	3.778425	0.044772	-0.007733	0.003034	4567.711830	31	106	-75	243	121	2.101010	3.419355	31	4	1485	1560	1121	1.772041	3.778425	2764.383616	0.044772	17849	1.928996	7.082676	256x256	65536	dense	Otsu	1485	31	96	8987	56.363887	0.998222	54.391957	0.999870	0.293166	0.999784	1	5	0.391129	100	6752	52.386252	0.995413	0.999701	50.580819	0.999907	0.293194	248	25.950697	0.765174	0.974905	23.034085	0.993780	0.282970	-21.921391	0.000130	-28.151044	-0.208182	False	retina_tile_004
retina_tile_005.png	0.984862	33.600320	0.335576	0.995413	28.628605	0.788787	8139	15	49	113	57	2.067061	3.266667	1014	1048	2815.428046	6.054496	0.050374	-0.013887	0.011810	1196.031332	15	49	-34	113	57	2.067061	3.266667	15	6	1014	1048	844	2.686477	6.054496	2815.428046	0.050374	26143	3.212065	8.052095	256x256	65536	sparse	Otsu	1014	15	87	7919	48.909779	0.991298	48.388243	0.998749	0.323766	0.969308	16	41	0.000000	96	7434	48.462858	0.990845	0.998609	47.953793	0.904423	0.325881	278	27.358485	0.784425	0.966312	25.255135	0.988667	0.254693	-14.787922	0.026105	-20.281174	-0.202511	False	retina_tile_005
retina_tile_006.png	0.983030	32.898751	0.340991	0.995047	27.824061	0.765854	9642	23	122	257	110	2.154567	5.304348	1281	1380	3029.444834	4.960969	0.064734	-0.016646	0.036880	1315.633535	23	122	-99	257	110	2.154567	5.304348	23	6	1281	1380	914	2.195250	4.960969	3029.444834	0.064734	22266	2.309272	6.796930	256x256	65536	sparse	Otsu	1281	23	94	9316	55.501620	0.997705	54.632807	0.999676	0.304112	0.959190	17	47	0.000000	100	8358	50.983114	0.993501	0.999261	50.771455	0.963215	0.300875	249	30.358861	0.860468	0.986275	30.461036	0.995913	0.225824	-21.734057	0.035857	-27.677559	-0.231850	False	retina_tile_006
retina_tile_007.png	0.985568	33.723042	0.250365	0.993385	29.173365	0.823093	8469	22	38	95	74	2.023341	1.727273	1371	1387	2837.183748	5.666402	0.030378	-0.014137	0.013369	2142.307758	22	38	-16	95	74	2.023341	1.727273	22	1	1371	1387	1202	2.045554	5.666402	2837.183748	0.030378	20311	2.398276	7.738340	256x256	65536	sparse	Otsu	1371	22	94	8420	55.871817	0.997774	55.245274	0.999705	0.236996	0.997861	8	36	0.000000	100	7278	51.295984	0.993848	0.999252	51.026774	0.999439	0.236898	250	31.307694	0.884963	0.993242	33.737796	0.996113	0.157915	-21.522232	-0.004476	-26.698452	-0.174681	False	retina_tile_007
retina_tile_008.png	0.983468	33.720257	0.288313	0.999967	29.535967	0.812769	9295	16	76	175	74	2.080699	4.750000	1487	1547	3518.815598	5.889000	0.038449	-0.016201	0.022507	2101.881027	16	76	-60	175	74	2.080699	4.750000	16	7	1487	1547	1238	2.274606	5.889000	3518.815598	0.038449	21452	2.307907	7.050672	256x256	65536	sparse	Otsu	1487	16	94	8843	55.611518	0.997631	54.887978	0.999670	0.265805	0.993654	5	10	0.441964	100	7722	50.940383	0.993348	0.999226	50.897093	0.986341	0.265870	246	26.946130	0.868017	0.981693	28.346654	0.781288	0.246451	-21.167721	0.006312	-26.075550	-0.184862	False	retina_tile_008
retina_tile_009.png	0.996971	33.637015	0.199076	0.822716	27.275917	0.778279	5526	22	19	44	55	1.992718	0.863636	824	821	1454.548512	3.770090	0.036728	-0.002786	0.005753	2648.934126	22	19	3	44	55	1.992718	0.863636	22	0	824	821	725	1.771679	3.770090	1454.548512	0.036728	24502	4.433949	11.859573	256x256	65536	dense	Meijering	824	22	80	5468	47.867265	0.989497	47.306425	0.999756	0.193322	0.703982	15	1	0.340909	93	5300	47.642016	0.989837	0.999699	46.482373	0.660404	0.191307	343	29.189501	0.816777	0.992173	27.458647	0.940987	0.166016	-13.669410	0.118734	-20.591348	-0.211218	False	retina_tile_009
retina_tile_010.png	0.990128	32.363381	0.117132	0.153605	26.331497	0.682320	13789	46	197	445	208	2.145053	4.282609	2082	2233	3911.762091	3.544353	0.062377	-0.009743	0.045612	3743.997335	46	197	-151	445	208	2.145053	4.282609	46	12	2082	2233	1429	1.751797	3.544353	3911.762091	0.062377	23647	1.714918	4.752774	256x256	65536	dense	Otsu	2082	46	97	12934	55.920940	0.997938	55.632723	0.999870	0.071520	0.681458	5	0	0.054348	100	9464	50.669106	0.993246	0.999614	50.597200	0.678899	0.072316	247	28.060042	0.850037	0.992744	29.845926	0.981684	0.071340	-23.269342	-0.527853	-29.589443	-0.315617	False	retina_tile_010
retina_tile_011.png	0.983903	32.348910	0.417781	0.748125	27.390919	0.758124	10226	24	185	391	122	2.229181	7.708333	1405	1566	3139.074288	4.198387	0.058193	-0.015875	0.079655	1088.405371	24	185	-161	391	122	2.229181	7.708333	24	22	1405	1566	892	2.004517	4.198387	3139.074288	0.058193	20691	2.023372	6.408762	256x256	65536	sparse	Otsu	1405	24	95	9679	55.946913	0.997637	55.691337	0.999778	0.338126	0.803892	22	21	0.935606	100	7692	51.029626	0.992921	0.999361	50.896353	0.871189	0.337735	245	32.411037	0.919449	0.990940	31.171466	0.998640	0.331186	-23.342427	-0.055767	-28.555994	-0.239513	False	retina_tile_011
retina_tile_012.png	0.982760	33.034459	0.403328	0.599992	28.204031	0.819931	9202	20	94	208	82	2.099798	4.700000	1483	1557	3366.239089	6.554077	0.035361	-0.016938	-0.017840	2085.448265	20	94	-74	208	82	2.099798	4.700000	20	8	1483	1557	1193	2.162003	6.554077	3366.239089	0.035361	19496	2.118670	7.121930	256x256	65536	sparse	Otsu	1483	20	95	8790	56.206196	0.997748	55.369572	0.999698	0.421168	0.537758	84	69	0.000000	100	6744	51.171561	0.993211	0.999173	50.987572	0.509774	0.478240	244	34.480477	0.927586	0.993571	36.366250	0.999124	0.336909	-22.335113	0.062234	-28.002165	-0.177817	False	retina_tile_012
retina_tile_013.png	0.973541	32.262204	0.477882	0.971043	26.494083	0.723128	13901	39	253	539	187	2.193315	6.487179	2214	2428	5015.804040	4.238579	0.053323	-0.026218	0.073664	2319.745064	39	253	-214	539	187	2.193315	6.487179	39	27	2214	2428	1488	2.065817	4.238579	5015.804040	0.053323	18800	1.352421	4.714481	256x256	65536	sparse	Otsu	2214	39	98	10818	57.585715	0.998298	57.516975	0.999759	0.404218	0.506283	183	195	0.000000	100	6372	50.989508	0.993012	0.998989	50.865774	0.525227	0.399842	243	33.452182	0.936233	0.993811	36.201730	0.999999	0.314511	-25.254772	0.464760	-31.091632	-0.275170	False	retina_tile_013
retina_tile_014.png	0.980964	32.675110	0.311277	1.000000	26.703762	0.746692	9495	15	77	153	62	2.086532	5.133333	1433	1495	3489.313994	7.221883	0.034843	-0.018525	0.003857	2212.709427	15	77	-62	153	62	2.086532	5.133333	15	6	1433	1495	1218	2.333989	7.221883	3489.313994	0.034843	22746	2.395577	6.902159	256x256	65536	sparse	Otsu	1433	15	93	9073	53.933254	0.996955	53.231321	0.999489	0.307420	0.999837	1	2	0.200000	100	8756	51.105991	0.994253	0.999052	50.426311	0.986431	0.307347	248	24.670986	0.719619	0.966056	23.651615	0.999928	0.305184	-20.556211	0.000163	-27.229492	-0.250263	False	retina_tile_014
retina_tile_015.png	0.984426	33.062959	0.322233	0.990117	27.577056	0.745471	8234	25	70	161	96	2.093848	2.800000	959	1004	2599.709779	5.949416	0.052947	-0.014442	0.017367	1101.108313	25	70	-45	161	96	2.093848	2.800000	25	3	959	1004	702	2.589352	5.949416	2599.709779	0.052947	24369	2.959558	7.959194	256x256	65536	sparse	Otsu	959	25	88	7939	49.760487	0.992047	49.703876	0.998868	0.304867	0.950708	26	113	0.000000	96	6902	48.865839	0.990567	0.998643	48.804452	0.994396	0.301219	247	27.842450	0.812917	0.984018	29.321575	0.977025	0.177866	-16.640916	0.039409	-22.183431	-0.246576	False	retina_tile_015
retina_tile_016.png	0.976852	32.926859	0.379492	0.998992	27.341197	0.776684	10186	16	115	226	64	2.137787	7.187500	1437	1536	3027.603414	6.302392	0.043510	-0.022697	0.022519	2089.595795	16	115	-99	226	64	2.137787	7.187500	16	19	1437	1536	1147	1.971096	6.302392	3027.603414	0.043510	22145	2.174062	6.433929	256x256	65536	sparse	Otsu	1437	16	94	9383	55.580097	0.997669	55.292864	0.999549	0.356973	0.646848	70	86	0.000000	100	8558	50.963858	0.993332	0.998714	50.960138	0.592578	0.329626	244	31.283004	0.872339	0.985695	31.849385	0.997757	0.170316	-22.366005	0.352144	-28.238899	-0.220986	False	retina_tile_016
retina_tile_017.png	0.976607	32.664306	0.414224	0.947623	27.505981	0.761262	10495	30	158	340	128	2.183119	5.266667	1398	1526	3115.117299	5.048463	0.057209	-0.023019	0.031244	1122.618437	30	158	-128	340	128	2.183119	5.266667	30	21	1398	1526	930	2.041361	5.048463	3115.117299	0.057209	20251	1.929586	6.244497	256x256	65536	sparse	Otsu	1398	30	96	9988	56.105271	0.997819	55.600304	0.999626	0.382980	0.966419	29	140	0.000000	100	7236	51.030013	0.993295	0.998941	50.957482	0.567162	0.387094	250	33.527227	0.896023	0.991264	35.558876	0.963362	0.281037	-22.935998	-0.018796	-28.599290	-0.236557	False	retina_tile_017
retina_tile_018.png	0.976308	33.088223	0.485501	0.990861	27.599561	0.738260	11655	24	231	478	133	2.259236	9.625000	1597	1804	3832.483162	4.632860	0.068393	-0.023411	0.021659	1194.753408	24	231	-207	478	133	2.259236	9.625000	24	29	1597	1804	986	2.124436	4.632860	3832.483162	0.068393	19000	1.630202	5.622994	256x256	65536	sparse	Otsu	1597	24	98	10921	57.670115	0.998357	57.230087	0.999719	0.463843	0.463047	141	115	0.000000	100	6554	51.164893	0.993288	0.999047	51.480310	0.480639	0.461906	249	35.733917	0.931589	0.993901	38.093057	0.999999	0.336969	-24.141864	0.527815	-30.070554	-0.260097	False	retina_tile_018
retina_tile_019.png	0.984599	32.215529	0.615342	1.000000	28.763056	0.848881	7497	8	98	204	57	2.152672	12.250000	1179	1269	2558.352422	5.396328	0.031296	-0.015206	0.013929	1673.080206	8	98	-90	204	57	2.152672	12.250000	8	11	1179	1269	918	2.016038	5.396328	2558.352422	0.031296	10358	1.381619	8.741630	256x256	65536	sparse	Otsu	1179	8	98	6478	60.212482	0.999202	56.216454	0.999805	0.601412	0.995746	1	0	0.062500	100	3708	55.251415	0.997418	0.999344	50.751473	0.995746	0.601392	279	31.822439	0.881278	0.985554	28.859605	0.994142	0.595789	-24.000925	0.004253	-31.449427	-0.150321	False	retina_tile_019
retina_tile_020.png	0.979929	33.812283	0.360825	0.994207	28.074571	0.782293	8932	19	37	78	57	2.026568	1.947368	1355	1373	3179.323864	7.710925	0.024347	-0.018623	-0.030590	2559.204578	19	37	-18	78	57	2.026568	1.947368	19	2	1355	1373	1220	2.315604	7.710925	3179.323864	0.024347	25223	2.823892	7.337215	256x256	65536	sparse	Otsu	1355	19	89	8473	49.973764	0.993046	49.808320	0.998552	0.391415	0.376294	106	46	0.000000	98	8482	49.654545	0.992429	0.998387	49.420409	0.367927	0.391860	245	25.413892	0.772468	0.967636	25.998833	0.733532	0.081329	-15.996037	0.617913	-21.899193	-0.210753	False	retina_tile_020
retina_tile_021.png	0.991340	33.246402	0.160569	0.857099	30.545276	0.837658	5913	15	46	111	54	2.078680	3.066667	788	819	1686.384182	4.730320	0.044530	-0.007973	0.006401	901.158571	15	46	-31	111	54	2.078680	3.066667	15	4	788	819	623	2.059077	4.730320	1686.384182	0.044530	22842	3.863014	11.083376	256x256	65536	sparse	Otsu	788	15	85	5881	49.015232	0.989986	48.468814	0.999313	0.154168	0.866852	27	42	0.000000	95	5832	48.565569	0.989374	0.999132	47.540195	0.896688	0.156916	344	34.994878	0.896540	0.990495	33.291841	0.974777	0.124559	-15.222412	-0.009754	-18.469956	-0.152328	False	retina_tile_021
retina_tile_022.png	0.984609	33.306902	0.237225	0.996308	29.366512	0.816334	8916	21	58	136	73	2.051568	2.761905	1435	1472	3785.430198	5.720636	0.032820	-0.015117	0.009771	1907.579184	21	58	-37	136	73	2.051568	2.761905	20	5	1435	1472	1226	2.571624	5.720636	3785.430198	0.032820	21148	2.371916	7.350381	256x256	65536	sparse	Otsu	1435	20	94	8762	55.500173	0.997597	54.990735	0.999726	0.227454	0.991410	7	19	0.000000	100	7688	51.027818	0.993475	0.999250	50.740905	0.987443	0.227262	250	30.286032	0.877808	0.985887	31.382271	0.998999	0.132180	-21.683832	0.004898	-26.133661	-0.181263	False	retina_tile_022
retina_tile_023.png	0.989695	33.834564	0.189122	0.999955	30.476209	0.849226	4953	10	44	109	51	2.107937	4.400000	630	664	1672.674977	5.573413	0.054402	-0.009382	0.000593	947.497129	10	44	-34	109	51	2.107937	4.400000	10	3	630	664	470	2.519089	5.573413	1672.674977	0.054402	19431	3.923077	13.231577	256x256	65536	sparse	Otsu	630	10	84	4894	49.134233	0.990567	47.601119	0.999078	0.188529	0.999849	1	3	0.550000	95	4716	49.543320	0.991144	0.999126	48.152418	0.998817	0.188526	407	35.304932	0.908339	0.990135	33.278647	0.999999	0.188531	-13.766555	0.000105	-18.658025	-0.141342	False	retina_tile_023
