filename	gt_iou	seg_iou	seg_f1	seg_precision	seg_recall	gt_fg_ssim	gt_fg_psnr	ng_fg_ssim	ng_fg_psnr	ng_iou	ng_topo_q	topo_preservation	ng_psnr	ng_ssim	ng_bytes	graph_n_components	graph_n_cycles	graph_n_junctions	graph_n_endpoints	graph_mean_degree	graph_complexity	n_nodes	n_edges	total_edge_length	mean_width_px	mean_curvature	delta_gt_iou	delta_gt_fg_psnr	delta_gt_fg_ssim	delta_fg_ssim	delta_iou	total_time_ms	ng_recon_iou	ng_n_components	ng_n_cycles	ng_euler_characteristic	ng_n_junctions	ng_n_endpoints	ng_mean_degree	ng_graph_complexity	ng_seg_beta_0	ng_seg_beta_1	graph_n_nodes	graph_n_edges	graph_n_sampled	graph_mean_edge_length	graph_mean_width	graph_total_edge_length	graph_mean_curvature	png_bytes	ng_vs_png	ng_vs_raw	image_shape	image_pixels	image_type	segmenter	n_points	n_structures	jpeg_quality	jpeg_bytes	jpeg_psnr	jpeg_ssim	jpeg_fg_psnr	jpeg_fg_ssim	jpeg_iou	jpeg_topo_q	jpeg_beta_0	jpeg_beta_1	jpeg_betti_preservation	webp_quality	webp_bytes	webp_psnr	webp_ssim	webp_fg_ssim	webp_fg_psnr	webp_topo_q	webp_iou	jp2_bytes	jp2_psnr	jp2_ssim	jp2_fg_ssim	jp2_fg_psnr	jp2_topo_q	jp2_iou	delta_fg_psnr	delta_topo_q	delta_psnr	delta_ssim	gt_available	gt_topology_q	recon_topology_q	jpeg_gt_iou	jpeg_gt_fg_psnr	jpeg_gt_fg_ssim	stem
im0001.png	0.085925	0.621630	0.766673	0.743536	0.791296	0.995334	29.952750	0.998341	34.234541	1.000000	1.000000	0.815520	24.870851	0.721304	25230	6	241	470	97	2.135564	40.166667	3467	3702	8976.479216	2.410901	0.107342	-0.006620	-13.562239	-0.004357	-0.001420	0.899563	24035.324812	0.097846	6	241	-235	470	97	2.135564	40.166667	6	24	3467	3702	2900	2.424765	2.410901	8976.479216	0.107342	185340	7.346017	16.785573	605x700	423500	sparse	Learned	3587	6	70	24836	43.376668	0.965806	43.399659	0.999762	0.100437	0.992190	29	62	0.000000	88	22434	43.795419	0.968703	0.999732	43.198105	0.993447	0.100438	3290	37.093330	0.910275	0.998489	33.880589	0.999751	0.102117	-9.165118	0.007810	-18.505817	-0.244503	True	1.000000	0.815520	0.092545	43.514988	0.999692	im0001
im0002.png	0.067379	0.629883	0.772918	0.762908	0.783194	0.998068	31.791931	0.998877	35.227239	1.000000	1.000000	0.817671	26.007408	0.761577	22852	7	125	249	57	2.066535	17.857143	3547	3665	6668.181525	2.550358	0.087379	-0.000724	-11.706909	-0.001779	-0.000904	0.933257	17062.877655	0.066245	7	125	-118	249	57	2.066535	17.857143	7	18	3547	3665	3241	1.819422	2.550358	6668.181525	0.087379	187261	8.194513	18.532295	605x700	423500	dense	Learned	3747	7	70	22524	43.057305	0.962408	43.255066	0.999781	0.066743	0.952674	58	124	0.000000	87	20746	43.405156	0.966786	0.999767	42.939646	0.993865	0.067525	3815	38.223481	0.926783	0.999026	35.801724	0.978341	0.069952	-8.027827	0.047326	-17.049897	-0.200831	True	1.000000	0.817671	0.068104	43.498840	0.999848	im0002
im0003.png	0.073997	0.663739	0.797888	0.809020	0.787059	0.997899	29.331625	0.998813	33.709715	1.000000	1.000000	0.999990	24.211509	0.714638	17364	2	113	208	42	2.103256	56.500000	2150	2261	5386.771374	2.629799	0.098502	-0.001347	-11.159466	-0.001884	-0.000891	0.926799	15027.186632	0.071809	2	113	-111	208	42	2.103256	56.500000	3	16	2150	2261	1900	2.382473	2.629799	5386.771374	0.098502	189690	10.924326	24.389542	605x700	423500	sparse	Learned	2270	3	43	17074	41.082047	0.952225	40.347853	0.999704	0.073201	1.000000	2	55	0.000000	83	16980	42.616154	0.963513	0.999797	41.570219	1.000000	0.073887	22299	43.052694	0.966494	0.999832	42.672821	1.000000	0.072371	-6.638138	-0.000000	-16.870538	-0.237587	True	0.999998	0.999988	0.075343	40.491091	0.999783	im0003
im0004.png	0.090754	0.606546	0.755093	0.824343	0.696576	0.996464	29.655711	0.999107	34.636986	1.000000	0.999739	0.962842	24.941987	0.766658	20042	12	102	221	71	2.063136	8.500000	2851	2941	6740.281097	2.289110	0.096064	0.000610	-15.605805	-0.003371	-0.000802	0.924238	14658.600569	0.078549	12	102	-90	221	71	2.063136	8.500000	14	7	2851	2941	2559	2.291833	2.289110	6740.281097	0.096064	171305	8.547301	21.130626	605x700	423500	sparse	Learned	2971	14	72	19316	43.904091	0.965901	45.166998	0.999909	0.075762	0.986647	15	17	0.250000	88	17844	44.347721	0.969073	0.999900	44.798534	0.999396	0.075770	4216	40.937643	0.947020	0.999722	38.567275	0.990068	0.076267	-10.530013	0.013092	-18.962104	-0.199243	True	0.999977	0.962821	0.090144	45.261516	0.999835	im0004
im0005.png	0.117397	0.686299	0.813971	0.866740	0.767258	0.995951	27.649321	0.998737	33.015061	1.000000	0.999312	0.999224	21.894547	0.645349	26534	19	164	339	106	2.084771	8.631579	3421	3566	8636.631877	2.315568	0.104207	-0.000070	-13.578718	-0.003798	-0.001046	0.896255	16974.337101	0.103717	19	164	-145	339	106	2.084771	8.631579	20	15	3421	3566	2976	2.421938	2.315568	8636.631877	0.104207	198942	7.497626	15.960654	605x700	423500	sparse	Learned	3541	20	64	26332	41.836005	0.957638	41.224616	0.999783	0.103745	0.998987	22	87	0.000000	84	23676	42.312460	0.962731	0.999752	40.870051	0.999367	0.103862	2908	34.269961	0.865449	0.997678	29.757093	1.000000	0.105822	-8.209554	0.000325	-19.941457	-0.312289	True	1.000000	0.999224	0.117467	41.228039	0.999749	im0005
im0044.png	0.061107	0.645850	0.784822	0.745230	0.828858	0.997417	27.503367	0.999114	32.914347	1.000000	0.999964	0.840061	21.777525	0.675242	29381	12	161	318	82	2.074631	13.416667	3993	4142	7869.570792	2.434885	0.096213	0.006016	-14.295896	-0.002451	-0.000741	0.936538	15509.104490	0.067309	12	161	-149	318	82	2.074631	13.416667	13	17	3993	4142	3593	1.899945	2.434885	7869.570792	0.096213	197863	6.734386	14.414077	605x700	423500	dense	Learned	4193	13	69	28715	42.984918	0.968329	41.783877	0.999855	0.063462	0.788652	80	62	0.000000	88	28508	43.442098	0.972200	0.999859	41.899799	0.873348	0.063822	2915	34.578836	0.885548	0.998698	30.389511	0.797418	0.066972	-8.869530	0.211312	-21.207393	-0.293087	True	0.999743	0.839845	0.055091	41.799264	0.999868	im0044
im0077.png	0.073815	0.661269	0.796101	0.693227	0.934828	0.996702	29.322217	0.997497	33.159928	1.000000	1.000000	0.804919	24.507215	0.669830	31490	4	244	494	97	2.117159	61.000000	4097	4337	10777.857637	2.533745	0.111636	0.001832	-12.230485	-0.002988	-0.002068	0.894030	19395.598888	0.108695	4	244	-240	494	97	2.117159	61.000000	4	30	4097	4337	3506	2.485095	2.533745	10777.857637	0.111636	210477	6.683931	13.448714	605x700	423500	sparse	Learned	4217	4	71	31177	41.842872	0.955714	41.310965	0.999565	0.105970	0.972565	54	142	0.000000	86	28452	42.054641	0.958908	0.999466	40.562245	0.975502	0.106764	2537	34.028159	0.852012	0.995290	29.676089	0.998991	0.108636	-8.151036	0.027435	-17.335657	-0.285884	True	1.000000	0.804919	0.071983	41.552702	0.999690	im0077
im0081.png	0.060574	0.657880	0.793640	0.700290	0.915705	0.997527	33.052653	0.997835	34.734885	1.000000	1.000000	0.848042	26.304588	0.724823	27141	3	211	424	79	2.111409	70.333333	3734	3942	9743.855983	2.517719	0.109066	0.000261	-8.631994	-0.002117	-0.001662	0.915126	18939.877987	0.085325	3	211	-208	424	79	2.111409	70.333333	3	27	3734	3942	3231	2.471805	2.517719	9743.855983	0.109066	204318	7.528020	15.603699	605x700	423500	sparse	Learned	3854	3	69	27097	41.791273	0.952039	41.362828	0.999497	0.084874	0.975501	70	278	0.000000	86	25848	42.152228	0.956372	0.999453	41.007899	0.988539	0.085057	2930	35.724651	0.876729	0.996816	31.851477	0.999974	0.089619	-6.627943	0.024499	-15.486685	-0.227216	True	1.000000	0.848042	0.060313	41.684647	0.999644	im0081
im0082.png	0.077567	0.679128	0.808906	0.722069	0.919484	0.996995	29.925461	0.997791	32.844356	1.000000	1.000000	0.759595	24.233945	0.662670	29995	3	231	469	93	2.116564	77.000000	3912	4140	10123.063269	2.492794	0.106013	-0.007657	-11.202105	-0.002742	-0.001828	0.887108	19024.321795	0.109071	3	231	-228	469	93	2.116564	77.000000	3	29	3912	4140	3350	2.445184	2.492794	10123.063269	0.106013	209629	6.988798	14.119020	605x700	423500	sparse	Learned	4032	3	70	29606	41.610179	0.952009	41.059334	0.999618	0.112892	1.000000	11	98	0.000000	87	29412	42.348591	0.959841	0.999604	41.019109	1.000000	0.114027	2883	34.835239	0.868824	0.997011	30.385459	1.000000	0.116246	-8.214978	0.000000	-17.376234	-0.289339	True	1.000000	0.759595	0.085225	41.127565	0.999737	im0082
im0139.png	0.076593	0.662583	0.797053	0.743306	0.859177	0.997433	32.230264	0.998213	35.204943	1.000000	1.000000	0.889349	25.497487	0.729459	25501	7	192	398	95	2.103525	27.428571	3574	3759	9094.433674	2.520514	0.103987	-0.003021	-10.889170	-0.002315	-0.001448	0.905282	16003.036022	0.092076	7	192	-185	398	95	2.103525	27.428571	8	20	3574	3759	3081	2.419376	2.520514	9094.433674	0.103987	191340	7.503235	16.607192	605x700	423500	sparse	Learned	3694	8	70	25292	42.804288	0.960725	43.097968	0.999661	0.094718	1.000000	11	172	0.000000	87	22898	43.200315	0.965354	0.999607	42.402820	1.000000	0.095603	3404	36.922652	0.905328	0.998027	33.791902	1.000000	0.099952	-7.893025	-0.000000	-17.306802	-0.231266	True	1.000000	0.889349	0.079614	43.119434	0.999748	im0139
im0162.png	0.096244	0.644825	0.784065	0.701970	0.887906	0.997623	31.087149	0.998417	32.658640	1.000000	1.000000	1.000000	24.385276	0.669060	30268	3	191	392	88	2.091484	63.666667	4110	4298	10375.504828	2.187561	0.111249	0.002241	-8.690112	-0.002119	-0.001274	0.880114	16500.235558	0.124872	3	191	-188	392	88	2.091484	63.666667	3	21	4110	4298	3630	2.414031	2.187561	10375.504828	0.111249	212696	7.027091	13.991674	605x700	423500	sparse	Learned	4230	3	70	30259	41.157409	0.947490	39.787420	0.999691	0.119886	1.000000	1	102	0.000000	86	29338	41.845913	0.955142	0.999714	40.144613	1.000000	0.119952	2550	34.256766	0.848481	0.996973	29.218283	1.000000	0.121975	-7.128779	0.000000	-16.772133	-0.278430	True	1.000000	1.000000	0.094003	39.777260	0.999743	im0162
im0163.png	0.054217	0.683076	0.811699	0.714127	0.940154	0.934284	10.091399	0.999096	33.651277	1.000000	1.000000	0.455840	24.055038	0.765109	36044	8	179	344	67	2.066074	22.375000	5176	5347	9648.405189	2.596723	0.086206	-0.044682	-32.246660	-0.065559	-0.000510	0.873930	19532.890797	0.063665	8	179	-171	344	67	2.066074	22.375000	8	24	5176	5347	4765	1.804452	2.596723	9648.405189	0.086206	208725	5.790839	11.749528	605x700	423500	dense	Learned	5376	8	77	35838	42.478505	0.960779	42.118370	0.999606	0.126070	1.000000	1	69	0.000000	89	35752	43.155257	0.968042	0.999636	41.530136	1.000000	0.125991	2129	33.248435	0.847767	0.995557	28.512936	1.000000	0.128091	-8.467093	-0.000000	-18.423467	-0.195670	True	1.000000	0.455840	0.098899	42.338058	0.999843	im0163
im0235.png	0.090901	0.702986	0.825592	0.770850	0.888703	0.996221	30.473820	0.997643	33.713139	1.000000	1.000000	0.675495	24.787164	0.682619	29059	6	217	421	86	2.112503	36.166667	3751	3962	9582.746243	2.651795	0.103226	-0.011674	-11.651211	-0.003447	-0.001873	0.882306	21997.669935	0.107513	6	217	-211	421	86	2.112503	36.166667	6	26	3751	3962	3244	2.418664	2.651795	9582.746243	0.103226	205195	7.061324	14.573798	605x700	423500	sparse	Learned	3871	6	72	28764	42.108604	0.955933	41.971290	0.999516	0.117694	1.000000	8	129	0.000000	87	27474	42.477542	0.960725	0.999452	41.253043	1.000000	0.118834	2932	35.754983	0.880233	0.996342	31.934546	1.000000	0.120039	-8.258151	0.000000	-17.321441	-0.273314	True	1.000000	0.675495	0.102575	42.125031	0.999668	im0235
im0236.png	0.098064	0.734192	0.846725	0.812098	0.884437	0.996926	31.069336	0.998061	34.107085	1.000000	1.000000	0.658595	24.731564	0.685169	27503	3	176	368	76	2.096084	58.666667	3601	3774	9145.898480	2.668004	0.103807	-0.008893	-11.016735	-0.002734	-0.001520	0.882801	21437.356234	0.110667	3	176	-173	368	76	2.096084	58.666667	3	21	3601	3774	3157	2.423397	2.668004	9145.898480	0.103807	203188	7.387849	15.398320	605x700	423500	sparse	Learned	3721	3	70	27479	42.067312	0.954942	42.025404	0.999581	0.117199	1.000000	5	77	0.000000	87	26786	42.602812	0.960990	0.999531	41.668154	1.000000	0.118347	2898	35.784625	0.886493	0.996764	31.939104	1.000000	0.120823	-7.918319	0.000000	-17.335748	-0.269772	True	1.000000	0.658595	0.106957	42.086071	0.999660	im0236
im0239.png	0.118661	0.705864	0.827574	0.795191	0.862705	0.994836	26.060642	0.998378	32.372922	1.000000	1.000000	1.000000	21.052779	0.596211	34805	3	225	439	78	2.089970	75.000000	4935	5157	9835.971079	2.406246	0.096590	0.000741	-16.354852	-0.004964	-0.001414	0.872034	19397.234678	0.134244	3	225	-222	439	78	2.089970	75.000000	4	33	4935	5157	4418	1.907305	2.406246	9835.971079	0.096590	206034	5.919667	12.167792	605x700	423500	dense	Learned	5135	4	76	33863	42.074754	0.956317	42.470978	0.999792	0.127966	0.998271	1	0	0.125000	89	34098	42.918422	0.963428	0.999764	42.228597	0.997315	0.127997	2552	34.477563	0.862945	0.998226	30.583036	0.999984	0.127954	-10.098056	0.001729	-21.021976	-0.360107	True	1.000000	1.000000	0.117919	42.415493	0.999800	im0239
im0240.png	0.105497	0.666039	0.799548	0.813993	0.785607	0.996426	32.103197	0.998072	35.536081	1.000000	1.000000	0.759553	25.747224	0.728136	30383	5	191	383	80	2.079623	38.200000	4672	4858	9138.556174	2.672246	0.093929	0.005781	-12.432431	-0.003218	-0.001599	0.901351	18896.580458	0.105691	5	191	-186	383	80	2.079623	38.200000	6	20	4672	4858	4209	1.881135	2.672246	9138.556174	0.093929	184582	6.075174	13.938716	605x700	423500	dense	Learned	4872	6	80	29492	43.890489	0.965880	44.517486	0.999671	0.098649	0.942011	48	113	0.000000	90	25876	44.111767	0.967997	0.999617	43.716498	0.984674	0.098324	2537	37.838024	0.915671	0.998367	34.467311	0.998851	0.103168	-8.981405	0.057989	-18.143265	-0.237744	True	1.000000	0.759553	0.099716	44.535628	0.999644	im0240
im0255.png	0.099708	0.730828	0.844484	0.820248	0.870195	0.996143	30.066034	0.997713	33.628825	1.000000	1.000000	0.998082	25.871383	0.728939	29256	2	239	485	108	2.114107	119.500000	4154	4391	10799.318103	2.198709	0.105741	-0.001865	-10.938905	-0.003463	-0.001859	0.891271	14997.189283	0.108177	2	239	-237	485	108	2.114107	119.500000	2	28	4154	4391	3561	2.459421	2.198709	10799.318103	0.105741	205193	7.013707	14.475663	605x700	423500	sparse	Learned	4274	2	72	29159	42.034079	0.955165	41.024190	0.999571	0.108729	1.000000	3	319	0.000000	87	27320	42.516923	0.959864	0.999556	40.939380	1.000000	0.110279	2959	35.386221	0.874013	0.996247	30.749731	1.000000	0.115384	-7.395365	0.000000	-16.162695	-0.226226	True	1.000000	0.998082	0.101574	41.004939	0.999606	im0255
im0291.png	0.069757	0.672465	0.804160	0.768756	0.842983	0.998583	29.920357	0.999230	34.227503	1.000000	1.000000	1.000000	22.513180	0.732118	20629	2	110	210	32	2.069790	55.000000	3095	3203	5444.586504	2.524709	0.069022	0.000398	-12.775564	-0.001332	-0.000652	0.923944	17106.957197	0.077152	2	110	-108	210	32	2.069790	55.000000	2	14	3095	3203	2853	1.699840	2.524709	5444.586504	0.069022	185162	8.975811	20.529352	605x700	423500	dense	Learned	3295	2	69	20223	42.649912	0.959853	42.788441	0.999882	0.076056	1.000000	1	2	0.321429	88	20112	43.739565	0.965562	0.999885	42.958616	1.000000	0.076062	4237	39.073409	0.935132	0.999464	35.625179	1.000000	0.076076	-8.560938	0.000000	-20.136731	-0.227736	True	1.000000	1.000000	0.069359	42.695920	0.999915	im0291
im0319.png	0.059008	0.613138	0.760181	0.737091	0.784763	0.997816	25.327078	0.999411	33.076532	1.000000	0.999968	1.000002	22.486010	0.715293	16629	6	54	115	42	2.044944	9.000000	2136	2184	4839.959688	2.288256	0.094433	-0.000020	-15.855883	-0.002124	-0.000499	0.939979	12292.843342	0.062281	6	54	-48	115	42	2.044944	9.000000	8	1	2136	2184	1979	2.216099	2.288256	4839.959688	0.094433	186214	11.198148	25.467557	605x700	423500	sparse	Learned	2256	8	57	16525	41.739278	0.951560	41.649075	0.999910	0.060021	0.999879	1	0	0.062500	85	15594	42.874271	0.958724	0.999924	42.291336	0.998371	0.060026	23135	43.085952	0.961521	0.999924	42.215717	0.992093	0.060028	-8.572543	0.000089	-19.253268	-0.236267	True	0.999998	1.000000	0.059028	41.182961	0.999940	im0319
im0324.png	0.091240	0.613021	0.760091	0.765616	0.754644	0.995562	27.320718	0.998819	33.474370	1.000000	0.999998	1.000000	21.798982	0.678328	24619	7	146	277	58	2.082615	20.857143	3365	3504	6253.895712	2.557663	0.084965	-0.000127	-17.119618	-0.004252	-0.001031	0.910678	17293.912411	0.090270	7	146	-139	277	58	2.082615	20.857143	8	17	3365	3504	3030	1.784788	2.557663	6253.895712	0.084965	185854	7.549210	17.202161	605x700	423500	dense	Learned	3565	8	73	24053	42.810649	0.961610	44.406916	0.999850	0.089322	1.000000	1	2	0.121324	88	22374	43.652069	0.965920	0.999827	43.851730	1.000000	0.089329	3402	37.857282	0.921699	0.999353	35.171298	0.999975	0.089324	-10.932547	-0.000002	-21.011667	-0.283283	True	1.000000	1.000000	0.091367	44.440336	0.999815	im0324
