filename	ng_fg_ssim	ng_fg_psnr	ng_iou	ng_topo_q	ng_psnr	ng_ssim	ng_bytes	graph_n_components	graph_n_cycles	graph_n_junctions	graph_n_endpoints	graph_mean_degree	graph_complexity	n_nodes	n_edges	total_edge_length	mean_width_px	mean_curvature	delta_fg_ssim	delta_iou	total_time_ms	self_iou	ng_recon_iou	ng_n_components	ng_n_cycles	ng_euler_characteristic	ng_n_junctions	ng_n_endpoints	ng_mean_degree	ng_graph_complexity	ng_seg_beta_0	ng_seg_beta_1	graph_n_nodes	graph_n_edges	graph_n_sampled	graph_mean_edge_length	graph_mean_width	graph_total_edge_length	graph_mean_curvature	png_bytes	ng_vs_png	ng_vs_raw	image_shape	image_pixels	image_type	segmenter	n_points	n_structures	jpeg_quality	jpeg_bytes	jpeg_psnr	jpeg_ssim	jpeg_fg_psnr	jpeg_fg_ssim	jpeg_iou	jpeg_topo_q	jpeg_beta_0	jpeg_beta_1	jpeg_betti_preservation	webp_quality	webp_bytes	webp_psnr	webp_ssim	webp_fg_ssim	webp_fg_psnr	webp_topo_q	webp_iou	jp2_bytes	jp2_psnr	jp2_ssim	jp2_fg_ssim	jp2_fg_psnr	jp2_topo_q	jp2_iou	delta_fg_psnr	delta_topo_q	delta_psnr	delta_ssim	gt_available	stem
nuclei_000.png	0.934345	24.474187	0.447523	0.673720	22.080790	0.315276	14037	28	89	166	83	2.121756	3.178571	1002	1063	2068.040330	5.852252	0.077114	-0.027323	0.137099	8288.856268	0.447523	0.447523	28	89	-61	166	83	2.121756	3.178571	32	4	1002	1063	753	1.945475	5.852252	2068.040330	0.077114	53981	3.845622	4.668804	256x256	65536	sparse	Frangi	1218	32	60	13838	26.396527	0.768102	26.258170	0.961668	0.310425	0.463843	757	3586	0.000000	39	13838	29.854624	0.901664	0.982090	29.522058	0.411053	0.304091	249	22.790217	0.164823	0.859566	22.433367	0.999997	0.364269	-1.783983	0.209877	-4.315738	-0.452825	False	nuclei_000
nuclei_001.png	0.944118	23.656041	0.534805	0.634478	20.920256	0.260897	13765	23	52	107	73	2.070560	2.260870	822	851	1593.680450	6.365076	0.061465	-0.019533	0.214724	12298.973560	0.534805	0.534805	23	52	-29	107	73	2.070560	2.260870	28	0	822	851	642	1.872715	6.365076	1593.680450	0.061465	55316	4.018598	4.761061	256x256	65536	sparse	Otsu	1426	28	54	13494	25.239430	0.752937	25.033306	0.963652	0.320081	0.461189	758	3569	0.000000	33	13612	29.045508	0.902785	0.984952	28.697810	0.457595	0.317129	248	21.821578	0.136411	0.874754	21.650806	0.999988	0.321434	-1.377266	0.173289	-4.319174	-0.492039	False	nuclei_001
nuclei_002.png	0.937781	23.682418	0.527370	0.751579	21.140765	0.279365	12657	16	51	115	60	2.088720	3.187500	789	824	1532.376758	7.306814	0.056217	-0.015738	0.182847	9999.562502	0.527370	0.527370	16	51	-35	115	60	2.088720	3.187500	19	3	789	824	614	1.859681	7.306814	1532.376758	0.056217	55526	4.386980	5.177846	256x256	65536	sparse	Otsu	1153	19	49	12584	24.806581	0.731433	24.661020	0.953519	0.344523	0.419158	818	3013	0.000000	28	12590	28.011168	0.882544	0.978338	27.697215	0.455060	0.336876	247	21.623725	0.132466	0.851675	21.485045	0.993395	0.327792	-0.978601	0.332421	-3.665816	-0.452068	False	nuclei_002
nuclei_003.png	0.915587	23.381424	0.527431	0.898500	21.147238	0.305518	13268	11	62	139	52	2.114094	5.636364	894	945	1769.355079	8.113014	0.056421	-0.026059	0.131061	6148.702145	0.527431	0.527431	11	62	-51	139	52	2.114094	5.636364	13	2	894	945	703	1.872333	8.113014	1769.355079	0.056421	55986	4.219626	4.939403	256x256	65536	sparse	Otsu	1016	13	50	13213	24.689161	0.746855	24.497113	0.941646	0.396370	0.382289	922	3191	0.000000	28	13136	28.347344	0.897773	0.976175	28.152352	0.419720	0.390881	248	21.286650	0.124914	0.796840	21.094840	1.000000	0.466538	-1.115689	0.516210	-3.541922	-0.441337	False	nuclei_003
nuclei_004.png	0.920649	23.719818	0.559583	0.847070	21.393592	0.315213	14519	13	60	131	63	2.095918	4.615385	980	1027	1979.444226	6.989720	0.059898	-0.031327	0.165404	8479.318857	0.559583	0.559583	13	60	-47	131	63	2.095918	4.615385	18	2	980	1027	786	1.927404	6.989720	1979.444226	0.059898	55467	3.820304	4.513809	256x256	65536	sparse	Otsu	1282	18	57	14418	25.461050	0.775216	25.299373	0.951976	0.394180	0.422449	855	3565	0.000000	34	14208	29.319733	0.911445	0.980398	29.135559	0.418618	0.393320	250	21.651631	0.135199	0.817712	21.486690	0.999989	0.415121	-1.579555	0.424621	-4.067458	-0.460003	False	nuclei_004
nuclei_005.png	0.924130	23.483699	0.554025	0.816159	21.121221	0.304370	13793	16	59	132	74	2.089958	3.687500	956	999	1908.970661	7.302303	0.060992	-0.025383	0.155797	6527.373552	0.554025	0.554025	16	59	-43	132	74	2.089958	3.687500	19	2	956	999	750	1.910882	7.302303	1908.970661	0.060992	55899	4.052708	4.751396	256x256	65536	sparse	Otsu	1136	19	52	13528	24.863440	0.752014	24.732494	0.949513	0.398228	0.388482	911	3242	0.000000	31	13576	28.709031	0.903884	0.979440	28.453167	0.402893	0.394390	250	21.341368	0.129019	0.818457	21.119811	0.999565	0.393824	-1.248795	0.427677	-3.742219	-0.447644	False	nuclei_005
nuclei_006.png	0.999674	23.550968	0.009144	0.249238	21.720339	0.139163	1512	5	0	0	12	1.836066	0.000000	61	56	95.355339	2.525874	0.048459	0.000215	-0.004372	902.291775	0.009144	0.009144	5	0	5	0	12	1.836066	0.000000	6	0	61	56	49	1.702774	2.525874	95.355339	0.048459	55655	36.808862	43.343915	256x256	65536	sparse	Learned	181	6	6	1345	21.708634	0.193274	21.377009	0.999459	0.013516	0.775025	51	77	0.000000	1	1394	22.130807	0.254205	0.999529	21.985241	0.712778	0.010530								2.173959	-0.525787	0.011706	-0.054112	False	nuclei_006
nuclei_007.png	0.921472	24.175852	0.578267	0.809623	22.043474	0.302621	11902	14	63	127	55	2.127273	4.500000	770	819	1550.917466	7.928419	0.062487	-0.020751	0.171022	7694.630384	0.578267	0.578267	14	63	-49	127	55	2.127273	4.500000	16	3	770	819	588	1.893672	7.928419	1550.917466	0.062487	54622	4.589313	5.506301	256x256	65536	sparse	Otsu	982	16	49	11772	25.263133	0.712327	25.074842	0.942223	0.407245	0.353292	947	2634	0.000000	28	11798	27.995318	0.863255	0.970486	27.613889	0.361049	0.391408	246	22.132560	0.153167	0.825295	21.787880	1.000000	0.395785	-0.898990	0.456331	-3.219659	-0.409706	False	nuclei_007
nuclei_008.png	0.912457	23.898230	0.606409	0.867345	21.682915	0.321702	13621	12	55	123	53	2.108449	4.583333	793	836	1651.587012	8.665145	0.066469	-0.031153	0.172533	12034.793139	0.606409	0.606409	12	55	-43	123	53	2.108449	4.583333	14	0	793	836	617	1.975583	8.665145	1651.587012	0.066469	54901	4.030614	4.811394	256x256	65536	sparse	Otsu	1185	14	55	13457	25.544421	0.757078	25.285809	0.943610	0.433876	0.327957	1075	3042	0.000000	33	13542	29.252312	0.902402	0.977233	29.036269	0.398209	0.430071	243	21.685066	0.147561	0.794589	21.123420	1.000000	0.426004	-1.387579	0.539388	-3.861506	-0.435376	False	nuclei_008
nuclei_009.png	0.998640	23.413202	0.042915	0.326320	21.853384	0.160130	3022	11	12	25	25	2.011834	1.090909	169	170	338.740724	2.599199	0.091008	0.000459	-0.003522	1278.759241	0.042915	0.042915	11	12	-1	25	25	2.011834	1.090909	16	0	169	170	119	1.992592	2.599199	338.740724	0.091008	55240	18.279285	21.686300	256x256	65536	sparse	Learned	293	16	12	3010	22.636006	0.380123	22.185971	0.998181	0.046437	0.546155	276	618	0.000000	3	2872	22.859158	0.377684	0.998323	22.467709	0.449945	0.040606	649	22.176474	0.188119	0.998017	21.948627	0.792064	0.046291	1.227231	-0.219835	-0.782622	-0.219993	False	nuclei_009
nuclei_010.png	0.998442	23.603860	0.050768	0.409127	22.125559	0.171027	3181	10	12	25	23	2.020202	1.200000	198	200	361.705627	2.692334	0.062103	0.000598	-0.005418	1501.495838	0.050768	0.050768	10	12	-2	25	23	2.020202	1.200000	13	1	198	200	150	1.808528	2.692334	361.705627	0.062103	54877	17.251493	20.602326	256x256	65536	sparse	Learned	324	13	13	3146	22.945961	0.388311	22.219407	0.997844	0.056186	0.516054	294	604	0.000000	4	3118	23.234999	0.414484	0.997899	22.381804	0.399027	0.053276	649	22.434308	0.201394	0.997433	21.764486	0.882691	0.051285	1.384453	-0.106927	-0.820402	-0.217284	False	nuclei_010
nuclei_011.png	0.997203	23.549758	0.074423	0.429463	22.005939	0.176273	3858	16	25	46	30	2.067416	1.562500	267	276	492.090404	2.806888	0.069465	0.000820	-0.002185	1828.096628	0.074423	0.074423	16	25	-9	46	30	2.067416	1.562500	17	2	267	276	191	1.782936	2.806888	492.090404	0.069465	54855	14.218507	16.987040	256x256	65536	sparse	Learned	389	17	15	3852	23.127165	0.435878	22.559923	0.996383	0.076608	0.416227	421	677	0.000000	4	3478	23.300595	0.430789	0.996169	22.454907	0.347736	0.074980	532	22.429419	0.187415	0.995253	21.896845	0.956407	0.076916	0.989835	0.013236	-1.121226	-0.259606	False	nuclei_011
nuclei_012.png	0.996720	23.427042	0.099314	0.414819	21.744189	0.181608	4741	19	39	71	43	2.119403	2.052632	335	355	672.457936	2.847178	0.079642	0.000917	-0.003822	1911.146641	0.099314	0.099314	19	39	-20	71	43	2.119403	2.052632	24	5	335	355	221	1.894248	2.847178	672.457936	0.079642	55184	11.639738	13.823244	256x256	65536	sparse	Learned	465	24	17	4549	23.040758	0.462353	22.515229	0.995802	0.103136	0.387010	472	775	0.000000	6	4636	23.481456	0.536412	0.996024	22.723893	0.323372	0.103856	407	22.127935	0.170065	0.994114	21.546440	0.998946	0.098192	0.911813	0.027808	-1.296570	-0.280745	False	nuclei_012
nuclei_013.png	0.995876	23.435856	0.144550	0.456462	21.685584	0.196092	6077	23	53	99	51	2.129032	2.304348	465	495	934.421347	2.747024	0.065427	0.000533	0.004397	1909.532070	0.144550	0.144550	23	53	-30	99	51	2.129032	2.304348	29	4	465	495	315	1.887720	2.747024	934.421347	0.065427	55034	9.056113	10.784269	256x256	65536	sparse	Learned	593	29	23	6043	23.544505	0.532167	22.883901	0.995343	0.140152	0.301045	677	911	0.000000	9	6046	24.187703	0.639783	0.996083	23.506865	0.303208	0.131594	333	22.104562	0.168802	0.992954	21.386893	0.998825	0.126258	0.551956	0.155417	-1.858921	-0.336075	False	nuclei_013
nuclei_014.png	0.993587	23.268692	0.170444	0.504517	21.511132	0.202999	6685	25	57	108	59	2.124756	2.280000	513	545	1033.465079	3.109323	0.074887	0.001100	0.005774	2558.977842	0.170444	0.170444	25	57	-32	108	59	2.124756	2.280000	27	6	513	545	346	1.896266	3.109323	1033.465079	0.074887	55171	8.252954	9.803441	256x256	65536	sparse	Learned	637	27	25	6558	23.614412	0.554567	22.829602	0.992487	0.164670	0.308171	682	1008	0.000000	10	6634	24.339723	0.674697	0.994547	23.748702	0.282917	0.163103	273	21.284705	0.161224	0.985293	19.433003	0.998923	0.135316	0.439090	0.196346	-2.103280	-0.351568	False	nuclei_014
nuclei_015.png	0.995260	23.760720	0.213738	0.529833	21.970485	0.217443	7073	24	86	163	67	2.218310	3.583333	568	630	1268.508000	2.693700	0.086429	0.000500	0.029292	1970.191240	0.213738	0.213738	24	86	-62	163	67	2.218310	3.583333	30	9	568	630	338	2.013505	2.693700	1268.508000	0.086429	54481	7.702672	9.265658	256x256	65536	sparse	Learned	698	30	28	6989	24.196530	0.575181	23.433130	0.994760	0.184446	0.285491	729	983	0.000000	13	7064	24.930934	0.683964	0.995630	24.007779	0.235377	0.179075	276	21.727933	0.177605	0.989889	20.297015	0.997984	0.150400	0.327590	0.244342	-2.226045	-0.357738	False	nuclei_015
nuclei_016.png	0.992213	24.020097	0.304070	0.563132	22.242546	0.241862	8456	28	106	187	75	2.226744	3.785714	688	766	1503.260916	2.869319	0.075693	-0.000497	0.075572	2693.662167	0.304070	0.304070	28	106	-78	187	75	2.226744	3.785714	32	11	688	766	426	1.962482	2.869319	1503.260916	0.075693	53867	6.370270	7.750237	256x256	65536	sparse	Learned	842	32	36	8377	24.982274	0.624331	24.280329	0.992711	0.228497	0.255381	856	1107	0.000000	19	8424	26.127410	0.752959	0.994287	25.245312	0.231838	0.216725	247	21.137996	0.181421	0.979676	18.373492	0.999891	0.146594	-0.260232	0.307751	-2.739728	-0.382468	False	nuclei_016
nuclei_017.png	0.991217	25.233201	0.591103	0.601722	23.705448	0.298317	8963	29	99	185	72	2.184697	3.413793	758	828	1649.597113	2.904459	0.084252	-0.001436	0.306896	2848.271608	0.591103	0.591103	29	99	-70	185	72	2.184697	3.413793	33	8	758	828	501	1.992267	2.904459	1649.597113	0.084252	51998	5.801406	7.311838	256x256	65536	sparse	Learned	944	33	45	8750	26.625043	0.657148	25.832085	0.992653	0.284206	0.244567	861	1079	0.000000	27	8804	27.876109	0.771370	0.993962	26.666403	0.223166	0.258412	247	22.076806	0.235404	0.977339	19.496965	0.999924	0.192353	-0.598884	0.357155	-2.919594	-0.358831	False	nuclei_017
nuclei_018.png	0.988473	25.011620	0.633939	0.809530	23.415181	0.308435	10895	21	157	303	82	2.280702	7.476190	969	1105	2204.702323	3.026807	0.078798	-0.003313	0.281766	2865.945816	0.633939	0.633939	21	157	-136	303	82	2.280702	7.476190	23	17	969	1105	584	1.995206	3.026807	2204.702323	0.078798	52248	4.795594	6.015236	256x256	65536	sparse	Learned	1119	23	55	10865	26.966727	0.714897	26.210171	0.991786	0.352173	0.214044	1054	1303	0.000000	35	10798	28.955138	0.838935	0.994919	28.207700	0.200448	0.338160	248	21.688545	0.228472	0.973701	19.542646	0.995483	0.243227	-1.198551	0.595487	-3.551546	-0.406461	False	nuclei_018
nuclei_019.png	0.984061	26.530683	0.662466	0.760006	25.078775	0.386262	10638	25	137	268	72	2.229508	5.480000	976	1088	2243.498548	3.285756	0.087217	-0.005278	0.247479	2946.724892	0.662466	0.662466	25	137	-112	268	72	2.229508	5.480000	28	16	976	1088	636	2.062039	3.285756	2243.498548	0.087217	49799	4.681237	6.160556	256x256	65536	sparse	Learned	1100	28	63	10597	28.855497	0.729281	28.006699	0.989340	0.414987	0.206323	973	1049	0.000000	46	10524	30.831942	0.850399	0.993039	29.773374	0.194306	0.391865	247	22.903708	0.310007	0.958511	19.652554	0.999973	0.250488	-1.476016	0.553683	-3.776722	-0.343019	False	nuclei_019
nuclei_020.png	0.984345	28.352088	0.634927	0.829889	27.433247	0.502635	10045	22	172	313	62	2.306435	7.818182	979	1129	2364.564717	3.316048	0.093475	-0.005894	0.152060	2946.000338	0.634927	0.634927	22	172	-150	313	62	2.306435	7.818182	23	20	979	1129	604	2.094389	3.316048	2364.564717	0.093475	46990	4.677949	6.524241	256x256	65536	sparse	Learned	1101	23	70	10000	31.226727	0.763163	30.170624	0.990239	0.482866	0.206886	716	684	0.000000	64	9720	32.932261	0.857876	0.993641	32.008330	0.179044	0.469341	243	23.363165	0.422200	0.950915	19.818400	0.999079	0.247461	-1.818536	0.623004	-3.793480	-0.260528	False	nuclei_020
nuclei_021.png	0.991182	29.499110	0.580927	0.286873	28.323731	0.647168	3749	15	8	15	29	1.927835	0.533333	194	187	347.683764	5.103733	0.089570	-0.001716	0.295782	3152.476311	0.580927	0.580927	15	8	7	15	29	1.927835	0.533333	21	0	194	187	150	1.859271	5.103733	347.683764	0.089570	43735	11.665778	17.480928	256x256	65536	sparse	Frangi	384	21	42	3732	33.325016	0.762029	30.982273	0.992898	0.285145	0.446882	87	100	0.000000	55	3728	33.534258	0.781585	0.993371	31.474653	0.310214	0.279626	530	31.584202	0.681797	0.985685	28.133763	0.435604	0.285361	-1.483163	-0.160009	-5.001285	-0.114861	False	nuclei_021
nuclei_022.png	0.999159	28.156025	0.036371	0.251736	28.056243	0.691323	1348	4	0	0	8	1.809524	0.000000	42	38	61.870058	4.426822	0.084751	0.000857	-0.022267	1001.240253	0.036371	0.036371	4	0	4	0	8	1.809524	0.000000	4	0	42	38	34	1.628159	4.426822	61.870058	0.084751	42829	31.772255	48.617211	256x256	65536	sparse	Frangi	162	4	6	1310	30.027390	0.684166	24.854993	0.998303	0.058637	0.534362	23	9	0.000000	29	1330	33.363392	0.773521	0.998792	27.458806	0.476987	0.050173								3.301032	-0.282626	-1.971147	0.007157	False	nuclei_022
nuclei_023.png	0.999059	27.673795	0.046473	0.255468	27.304450	0.693519	1414	4	1	2	8	1.828571	0.250000	35	32	59.627417	5.170351	0.086453	0.001561	-0.015650	967.664480	0.046473	0.046473	4	1	3	2	8	1.828571	0.250000	4	0	35	32	25	1.863357	5.170351	59.627417	0.086453	42790	30.261669	46.347949	256x256	65536	sparse	Frangi	155	4	6	1376	29.494100	0.679404	23.521310	0.997497	0.062123	0.575482	25	6	0.000000	26	1388	33.163338	0.792180	0.998601	27.079669	0.527633	0.054838								4.152485	-0.320013	-2.189650	0.014114	False	nuclei_023
nuclei_024.png	0.999025	28.775313	0.047511	0.195185	27.255587	0.708674	1551	5	0	0	12	1.791667	0.000000	48	43	80.041631	4.471746	0.085595	0.001187	-0.012041	1088.776112	0.047511	0.047511	5	0	5	0	12	1.791667	0.000000	7	0	48	43	36	1.861433	4.471746	80.041631	0.085595	41687	26.877498	42.254030	256x256	65536	sparse	Frangi	170	7	8	1504	31.093491	0.750360	25.588577	0.997837	0.059552	0.672715	26	20	0.000000	30	1512	33.949069	0.830305	0.998599	27.953036	0.566785	0.053407	6157	37.227460	0.896494	0.999850	37.085975	0.639405	0.055864	3.186736	-0.477530	-3.837903	-0.041687	False	nuclei_024
nuclei_025.png	0.999244	27.083750	0.037505	0.173041	24.916852	0.622565	1535	5	0	0	10	1.750000	0.000000	40	35	61.627417	3.567018	0.103738	0.000935	-0.004604	1086.200237	0.037505	0.037505	5	0	5	0	10	1.750000	0.000000	8	0	40	35	30	1.760783	3.567018	61.627417	0.103738	43632	28.424756	42.694463	256x256	65536	sparse	Frangi	166	8	6	1510	28.398170	0.666169	23.324449	0.998309	0.042109	0.690437	27	26	0.000000	16	1532	31.733244	0.790015	0.998749	25.707117	0.524352	0.039557	6109	35.441609	0.876692	0.999877	34.977354	0.861931	0.040891	3.759300	-0.517396	-3.481318	-0.043604	False	nuclei_025
nuclei_026.png	0.973103	29.839444	0.781583	0.929010	29.085078	0.801720	16846	23	318	522	30	2.392027	13.826087	1505	1800	3750.186217	3.701903	0.084654	-0.020529	0.021153	8921.995163	0.781583	0.781583	23	318	-295	522	30	2.392027	13.826087	23	85	1505	1800	953	2.083437	3.701903	3750.186217	0.084654	43511	2.582868	3.890300	256x256	65536	sparse	Learned	2105	23	89	15905	38.020476	0.937408	36.405810	0.993631	0.760430	0.820808	57	573	0.000000	90	16030	41.602597	0.972201	0.997460	40.435177	0.789525	0.758326	248	21.242493	0.490733	0.877423	19.006711	0.996870	0.406547	-6.566366	0.108202	-8.935398	-0.135689	False	nuclei_026
nuclei_027.png	0.977010	30.094733	0.771758	0.930665	30.074586	0.808897	15930	24	369	596	25	2.419198	15.375000	1646	1991	4132.808584	3.496589	0.077617	-0.016843	0.006901	3945.362329	0.771758	0.771758	24	369	-345	596	25	2.419198	15.375000	25	98	1646	1991	1025	2.075745	3.496589	4132.808584	0.077617	43521	2.732015	4.113999	256x256	65536	sparse	Learned	1798	25	88	15143	37.772395	0.936958	36.113378	0.993853	0.764857	0.817375	62	583	0.000000	89	14968	40.950050	0.967963	0.997483	40.002330	0.809226	0.767160	248	21.214372	0.474767	0.874760	19.022762	0.983344	0.407863	-6.018645	0.113289	-7.697809	-0.128062	False	nuclei_027
nuclei_028.png	0.969219	29.728074	0.776032	0.578876	28.763536	0.766470	10017	23	24	46	47	2.002692	1.043478	743	744	1396.587441	6.346357	0.076980	-0.015095	0.090417	4490.603924	0.776032	0.776032	23	24	-1	46	47	2.002692	1.043478	29	4	743	744	650	1.877134	6.346357	1396.587441	0.076980	44138	4.406309	6.542478	256x256	65536	sparse	Meijering	873	29	76	9630	35.298282	0.908854	32.824881	0.984313	0.685615	0.811233	58	392	0.000000	81	9778	37.188047	0.933759	0.991639	35.575989	0.861105	0.684507	247	20.696075	0.444765	0.819600	18.032832	0.983510	0.393472	-3.096806	-0.232357	-6.534746	-0.142384	False	nuclei_028
nuclei_029.png	0.973269	29.008926	0.736259	0.580489	25.977454	0.710852	12531	25	31	58	57	2.015248	1.240000	787	793	1474.237112	5.858006	0.073863	-0.017109	0.137052	11302.665949	0.736259	0.736259	25	31	-6	58	57	2.015248	1.240000	30	1	787	793	672	1.859063	5.858006	1474.237112	0.073863	44464	3.548320	5.229910	256x256	65536	sparse	Meijering	1391	30	82	12495	35.940313	0.923692	33.812335	0.990378	0.599207	0.766348	79	516	0.000000	84	12216	38.305811	0.951691	0.995136	36.879364	0.769254	0.604392	248	20.628992	0.417001	0.841154	17.927514	0.998247	0.366759	-4.803410	-0.185859	-9.962859	-0.212840	False	nuclei_029
nuclei_030.png	0.978048	28.859537	0.718946	0.434337	25.681769	0.682617	11133	32	22	46	79	1.971469	0.687500	701	691	1307.816476	5.627526	0.074289	-0.012809	0.195234	8459.157467	0.718946	0.718946	32	22	10	46	79	1.971469	0.687500	41	1	701	691	576	1.892643	5.627526	1307.816476	0.074289	44799	4.023983	5.886643	256x256	65536	sparse	Meijering	1131	41	78	11111	35.151131	0.916046	32.896579	0.990857	0.523712	0.797716	73	497	0.000000	81	10836	37.164790	0.940390	0.994979	35.591269	0.804674	0.529758	247	20.450152	0.401961	0.856705	17.639632	0.999958	0.329540	-4.037043	-0.363379	-9.469362	-0.233429	False	nuclei_030
nuclei_031.png	0.978271	28.789414	0.681141	0.504265	25.172439	0.663141	11004	30	32	67	74	2.005479	1.066667	730	732	1367.995644	5.397355	0.077415	-0.011561	0.175555	7344.444990	0.681141	0.681141	30	32	-2	67	74	2.005479	1.066667	35	1	730	732	589	1.868847	5.397355	1367.995644	0.077415	45072	4.095965	5.955652	256x256	65536	sparse	Meijering	1126	35	76	10631	34.736816	0.912681	32.419772	0.989832	0.505586	0.863441	60	495	0.000000	80	10386	36.789545	0.936455	0.994731	35.379934	0.769674	0.508975	247	20.296554	0.388651	0.859405	17.601458	0.999970	0.324184	-3.630357	-0.359176	-9.564377	-0.249540	False	nuclei_031
nuclei_032.png	0.975827	28.519525	0.695335	0.500926	24.795277	0.663277	11975	29	31	70	76	2.005571	1.068966	718	720	1410.707675	5.814249	0.077752	-0.014325	0.160090	10141.961098	0.695335	0.695335	29	31	-2	70	76	2.005571	1.068966	36	1	718	720	572	1.959316	5.814249	1410.707675	0.077752	45317	3.784301	5.472735	256x256	65536	sparse	Meijering	1236	36	78	11737	34.870792	0.916928	32.742750	0.990153	0.535245	0.844280	66	522	0.000000	82	11818	37.372909	0.945417	0.995335	36.141040	0.866805	0.532444	250	20.139305	0.376577	0.844408	17.676417	0.999975	0.331913	-4.223225	-0.343355	-10.075515	-0.253651	False	nuclei_032
nuclei_033.png	0.976929	28.966219	0.696651	0.558715	25.392296	0.673526	11099	23	46	98	65	2.061662	2.000000	746	769	1426.513933	5.819501	0.066333	-0.012136	0.181927	7186.920166	0.696651	0.696651	23	46	-23	98	65	2.061662	2.000000	31	4	746	769	583	1.855025	5.819501	1426.513933	0.066333	44949	4.049824	5.904676	256x256	65536	sparse	Meijering	1088	31	76	10628	34.820336	0.914522	32.603417	0.989065	0.514725	0.865649	63	521	0.000000	81	10930	37.118044	0.942763	0.994553	35.761147	0.860180	0.518428	250	20.524541	0.388890	0.843870	17.911223	0.998316	0.348085	-3.637198	-0.306934	-9.428040	-0.240996	False	nuclei_033
nuclei_034.png	0.973083	29.141326	0.711383	0.561167	26.379651	0.691005	10800	24	73	111	72	2.125160	3.041667	783	832	1593.476248	6.114747	0.075160	-0.014141	0.143164	5146.099567	0.711383	0.711383	24	73	-49	111	72	2.125160	3.041667	33	7	783	832	600	1.915236	6.114747	1593.476248	0.075160	45029	4.169352	6.068148	256x256	65536	sparse	Meijering	941	33	76	10699	34.797927	0.915097	32.631864	0.987224	0.568219	0.911842	51	481	0.000000	80	10282	36.764552	0.937673	0.992796	35.302200	0.862938	0.569809	246	20.311433	0.382448	0.826496	17.893795	0.999975	0.376730	-3.490538	-0.350675	-8.418276	-0.224093	False	nuclei_034
nuclei_035.png	0.973826	29.390741	0.694828	0.586019	26.470447	0.696329	10640	26	43	90	63	2.044678	1.653846	761	778	1513.241622	6.281481	0.079025	-0.013092	0.126870	5057.659626	0.694828	0.694828	26	43	-17	90	63	2.044678	1.653846	31	2	761	778	608	1.945041	6.281481	1513.241622	0.079025	44925	4.222274	6.159398	256x256	65536	sparse	Meijering	917	31	75	10336	34.716332	0.912099	32.597626	0.986918	0.567957	0.907521	52	493	0.000000	81	10590	37.279363	0.939682	0.994148	36.193636	0.864628	0.571024	246	20.347656	0.386276	0.827261	18.044043	0.999971	0.375813	-3.206886	-0.321501	-8.245885	-0.215770	False	nuclei_035
nuclei_036.png	0.977018	29.433822	0.649620	0.488830	26.657479	0.687454	10006	27	33	66	76	2.016575	1.222222	724	730	1447.328746	5.946071	0.073590	-0.010832	0.124208	4395.009756	0.649620	0.649620	27	33	-6	66	76	2.016575	1.222222	38	0	724	730	582	1.982642	5.946071	1447.328746	0.073590	44757	4.473016	6.549670	256x256	65536	sparse	Meijering	854	38	73	9736	34.668343	0.909465	32.406012	0.987851	0.525411	0.910974	51	491	0.000000	80	9946	36.742262	0.935558	0.993669	35.287746	0.890059	0.526276	246	20.433935	0.394018	0.846597	18.126995	0.999952	0.332912	-2.972190	-0.422144	-8.010864	-0.222011	False	nuclei_036
nuclei_037.png	0.973170	29.473147	0.712491	0.605183	27.066544	0.717793	10848	22	54	95	64	2.078528	2.454545	815	847	1642.143191	6.355344	0.069050	-0.013567	0.106805	4717.211723	0.712491	0.712491	22	54	-32	95	64	2.078528	2.454545	30	3	815	847	656	1.938776	6.355344	1642.143191	0.069050	44785	4.128411	6.041298	256x256	65536	sparse	Meijering	940	30	76	10453	34.928521	0.912237	32.774928	0.986737	0.605686	0.887788	57	517	0.000000	80	10086	36.747637	0.934420	0.992444	35.322195	0.861508	0.608082	247	20.346023	0.398851	0.823953	18.117777	0.999950	0.375642	-3.301781	-0.282605	-7.861977	-0.194444	False	nuclei_037
nuclei_038.png	0.971284	29.732684	0.734453	0.629111	27.595036	0.729303	10631	23	36	73	61	2.032581	1.565217	798	811	1532.734088	6.516185	0.070041	-0.014863	0.094774	4609.061241	0.734453	0.734453	23	36	-13	73	61	2.032581	1.565217	27	3	798	811	664	1.889931	6.516185	1532.734088	0.070041	44298	4.166870	6.164613	256x256	65536	sparse	Meijering	922	27	77	10470	35.372412	0.914814	33.178564	0.986147	0.639679	0.867902	57	466	0.000000	81	9788	37.159525	0.935492	0.992185	35.702013	0.829235	0.636595	247	20.818321	0.420289	0.826299	18.545414	1.000000	0.379351	-3.445880	-0.238791	-7.777375	-0.185511	False	nuclei_038
nuclei_039.png	0.999830	27.518658	0.008510	0.273851	23.486336	0.505514	1048	2	0	0	3	1.846154	0.000000	26	24	34.142136	3.208696	0.027718			809.476137	0.008510	0.008510	2	0	2	0	3	1.846154	0.000000	2	0	26	24	23	1.422589	3.208696	34.142136	0.027718	44393	42.359733	62.534351	256x256	65536	sparse	Frangi	146	2												1	1014	28.920318	0.713518	0.999493	22.854254	0.752933	0.008944												False	nuclei_039
nuclei_040.png	0.999881	29.164532	0.004984	0.329680	23.128822	0.498913	858	1	2	3	1	2.181818	2.000000	11	12	21.485281	3.549405	0.119670			657.462835	0.004984	0.004984	1	2	-1	3	1	2.181818	2.000000	1	0	11	12	7	1.790440	3.549405	21.485281	0.119670	44841	52.262238	76.382284	256x256	65536	sparse	Frangi	127	1																															False	nuclei_040
nuclei_041.png	0.966123	29.409772	0.781799	0.649425	26.783518	0.739969	10263	22	30	59	51	2.022504	1.363636	711	719	1315.445682	7.111873	0.068901	-0.016715	0.081220	7051.604271	0.781799	0.781799	22	30	-8	59	51	2.022504	1.363636	22	1	711	719	601	1.829549	7.111873	1315.445682	0.068901	44484	4.334405	6.385657	256x256	65536	sparse	Meijering	921	22	76	9928	34.944945	0.900788	32.681528	0.982838	0.700579	0.787221	64	399	0.000000	80	9936	36.757417	0.928303	0.990451	35.293194	0.817211	0.696625	245	20.285082	0.433188	0.797111	17.970736	0.626827	0.316859	-3.271756	-0.137795	-8.161427	-0.160820	False	nuclei_041
nuclei_042.png	0.970876	29.716920	0.805204	0.535994	26.993152	0.735746	11055	26	9	21	56	1.949102	0.346154	668	651	1201.451029	6.554261	0.075300	-0.016289	0.127307	12273.750305	0.805204	0.805204	26	9	17	21	56	1.949102	0.346154	28	0	668	651	591	1.845547	6.554261	1201.451029	0.075300	43724	3.955133	5.928177	256x256	65536	sparse	Meijering	1270	28	80	10604	35.865798	0.907962	33.569511	0.987165	0.677897	0.790633	60	387	0.000000	83	10824	38.028980	0.937364	0.994036	36.911927	0.754663	0.680144	250	21.257159	0.488562	0.861410	19.504373	0.998176	0.378413	-3.852592	-0.254639	-8.872646	-0.172217	False	nuclei_042
nuclei_043.png	0.972299	30.694574	0.809165	0.440873	29.025365	0.765382	8848	26	13	23	57	1.952030	0.500000	542	529	943.847284	6.587623	0.069703	-0.013618	0.123304	9582.258463	0.809165	0.809165	26	13	13	23	57	1.952030	0.500000	29	0	542	529	462	1.784210	6.587623	943.847284	0.069703	42450	4.797694	7.406872	256x256	65536	sparse	Meijering	992	29	78	8714	36.459038	0.904941	33.889292	0.985917	0.685860	0.702228	63	266	0.000000	82	8188	37.737626	0.924054	0.991766	36.089780	0.661637	0.680790	249	22.461183	0.552444	0.863819	19.493716	0.984625	0.374075	-3.194718	-0.261355	-7.433672	-0.139559	False	nuclei_043
nuclei_044.png	0.975355	30.902895	0.795383	0.510906	31.056423	0.788592	7286	23	52	70	49	2.105263	2.260870	551	580	1032.890000	5.819869	0.064014	-0.010602	0.112053	3880.621433	0.795383	0.795383	23	52	-29	70	49	2.105263	2.260870	25	6	551	580	432	1.780845	5.819869	1032.890000	0.064014	41749	5.730030	8.994785	256x256	65536	sparse	Meijering	671	25	73	7065	36.455909	0.896189	33.655680	0.985957	0.683330	0.621959	69	189	0.000000	81	6804	37.471673	0.912455	0.991143	35.569633	0.577077	0.677544	272	24.794062	0.606155	0.900250	21.648733	0.907977	0.411937	-2.752785	-0.111054	-5.399486	-0.107598	False	nuclei_044
nuclei_045.png	0.960932	30.872637	0.842288	0.436357	28.700746	0.773713	8338	18	7	13	32	1.937853	0.388889	354	343	568.600072	9.767652	0.047359	-0.018059	-0.016499	11185.019493	0.842288	0.842288	18	7	11	13	32	1.937853	0.388889	18	0	354	343	309	1.657726	9.767652	568.600072	0.047359	42175	5.058167	7.859918	256x256	65536	sparse	Otsu	954	18	77	8170	36.454824	0.894152	33.933048	0.978991	0.858786	0.565583	80	220	0.000000	82	8226	37.797099	0.918517	0.988278	36.263606	0.487445	0.847365	248	23.309685	0.592636	0.849611	19.441440	0.996609	0.389821	-3.060411	-0.129226	-7.754078	-0.120439	False	nuclei_045
nuclei_046.png	0.999778	26.209650	0.014305	0.130642	27.380399	0.683558	1240	3	0	0	6	1.600000	0.000000	15	12	20.071068	3.749152	0.108441	0.000430	-0.003261	685.881376	0.014305	0.014305	3	0	3	0	6	1.600000	0.000000	3	0	15	12	9	1.672589	3.749152	20.071068	0.108441	42299	34.112097	52.851613	256x256	65536	dense	Frangi	215	3	4	1212	27.875903	0.654819	21.702972	0.999349	0.017566	0.545019	24	4	0.000000	21	1230	33.360446	0.789794	0.999707	26.775708	0.360730	0.018462								4.506678	-0.414377	-0.495504	0.028739	False	nuclei_046
nuclei_047.png	0.999971	24.599385	0.003963	0.130642	27.278391	0.694597	583	1	0	0	2	1.600000	0.000000	5	4	6.414214	3.370352	0.081331			508.040667	0.003963	0.003963	1	0	1	0	2	1.600000	0.000000	1	0	5	4	3	1.603553	3.370352	6.414214	0.081331	42285	72.530017	112.411664	256x256	65536	dense	Frangi	65	1												2	576	32.136144	0.751665	0.999937	20.819558	0.382829	0.006501												False	nuclei_047
nuclei_048.png	0.983292	30.750484	0.670115	0.404736	31.072174	0.756305	4532	16	7	17	34	1.933086	0.437500	269	260	446.333044	7.648725	0.067456	-0.004115	-0.030075	4453.366518	0.670115	0.670115	16	7	9	17	34	1.933086	0.437500	16	0	269	260	218	1.716666	7.648725	446.333044	0.067456	41886	9.242277	14.460724	256x256	65536	sparse	Meijering	479	16	58	4486	35.519842	0.839779	32.319694	0.987407	0.700190	0.243844	122	78	0.000000	75	4198	35.960276	0.851689	0.990876	33.580817	0.231543	0.684458	474	31.333168	0.738353	0.963454	26.182249	0.372419	0.608259	-1.569210	0.160891	-4.447668	-0.083475	False	nuclei_048
nuclei_049.png	0.990787	30.364960	0.615828	0.366771	32.047657	0.762635	3719	11	4	10	22	1.933649	0.363636	211	204	303.178716	6.506601	0.056619	-0.001890	-0.031576	2503.018856	0.615828	0.615828	11	4	7	10	22	1.933649	0.363636	13	0	211	204	179	1.486170	6.506601	303.178716	0.056619	41402	11.132563	17.621941	256x256	65536	dense	Meijering	415	13	52	3709	35.647969	0.834218	31.851058	0.992677	0.647404	0.249365	79	48	0.000000	75	3616	36.064169	0.843948	0.994321	33.182148	0.189416	0.644444	536	32.698561	0.763353	0.981651	26.962914	0.316139	0.641644	-1.486098	0.117406	-3.600313	-0.071582	False	nuclei_049
nuclei_050.png	0.991717	30.316461	0.430676	0.398302	32.156786	0.764223	3286	9	6	12	21	1.964497	0.666667	169	166	282.036580	6.905083	0.066876	-0.001524	-0.111657	2983.217955	0.430676	0.430676	9	6	3	12	21	1.964497	0.666667	10	0	169	166	136	1.699016	6.905083	282.036580	0.066876	41328	12.576993	19.944005	256x256	65536	sparse	Meijering	351	10	48	3279	35.548221	0.822774	31.729646	0.993241	0.542333	0.209645	55	23	0.000000	73	3282	36.022886	0.836726	0.995132	33.352269	0.175916	0.551191	595	33.484878	0.769458	0.986096	28.020359	0.349991	0.539505	-1.413185	0.188657	-3.391435	-0.058551	False	nuclei_050
nuclei_051.png	0.994098	29.800618	0.167482	0.385840	32.459951	0.752372	2620	7	2	6	15	1.920000	0.285714	125	120	209.610173	6.938251	0.069720	-0.000707	0.006934	2256.740570	0.167482	0.167482	7	2	5	6	15	1.920000	0.285714	8	0	125	120	104	1.746751	6.938251	209.610173	0.069720	41589	15.873664	25.013740	256x256	65536	sparse	Meijering	277	8	38	2587	35.057341	0.797928	30.807517	0.994804	0.160548	0.408445	4	1	0.250000	67	2498	35.546397	0.810287	0.995946	32.215549	0.196143	0.160459	3642	35.777408	0.820469	0.997176	34.439269	0.149859	0.164026	-1.006899	-0.022605	-2.597390	-0.045556	False	nuclei_051
nuclei_052.png	0.999681	27.662725	0.704802	0.568289	33.683786	0.757150	1195	1	1	3	3	2.000000	1.000000	30	30	47.798990	6.615267	0.022174	0.000991	0.013342	954.639435	0.704802	0.704802	1	1	0	3	3	2.000000	1.000000	1	0	30	30	24	1.593300	6.615267	47.798990	0.022174	41349	34.601674	54.841841	256x256	65536	sparse	Meijering	150	1	6	1189	31.208368	0.713613	21.596672	0.998690	0.691460	0.396494	4	2	0.000000	47	1146	35.179134	0.783946	0.999784	29.410437	0.519695	0.688889								6.066053	0.171795	2.475418	0.043537	False	nuclei_052
nuclei_053.png	0.999721	27.458316	0.768860	0.462056	33.470942	0.748708	1122	1	0	1	1	1.894737	0.000000	19	18	25.313708	7.479015	0.022794			809.815407	0.768860	0.768860	1	0	1	1	1	1.894737	0.000000	1	0	19	18	17	1.406317	7.479015	25.313708	0.022794	41602	37.078431	58.409982	256x256	65536	sparse	Meijering	139	1												47	1110	35.005862	0.772550	0.999797	28.981762	0.585217	0.719512												False	nuclei_053
nuclei_054.png	0.999637	26.436884	0.767710	0.393469	33.004821	0.716771	1125	1	0	0	2	1.904762	0.000000	21	20	27.727922	7.420959	0.021759	0.002317	0.047589	824.721098	0.767710	0.767710	1	0	1	0	2	1.904762	0.000000	1	0	21	20	19	1.386396	7.420959	27.727922	0.021759	42434	37.719111	58.254222	256x256	65536	sparse	Meijering	141	1	2	1125	29.506241	0.690290	17.059672	0.997320	0.720121	0.617107	2	2	0.000000	43	1114	34.258218	0.739573	0.999815	28.676983	0.581048	0.741987								9.377212	-0.223638	3.498580	0.026481	False	nuclei_054
nuclei_055.png	0.999673	27.557321	0.746006	0.393469	33.822930	0.729159	1112	1	0	0	2	1.904762	0.000000	21	20	26.899495	7.671298	0.020515			825.528622	0.746006	0.746006	1	0	1	0	2	1.904762	0.000000	1	0	21	20	19	1.344975	7.671298	26.899495	0.020515	42194	37.944245	58.935252	256x256	65536	sparse	Meijering	141	1												47	1024	34.531799	0.745527	0.999771	29.107229	0.397499	0.717252												False	nuclei_055
nuclei_056.png	0.996244	30.568045	0.104411	0.464008	31.430765	0.705439	4216	20	40	74	40	2.108992	2.000000	367	387	725.014285	2.786632	0.065631	-0.001331	-0.004782	2211.723804	0.104411	0.104411	20	40	-20	74	40	2.108992	2.000000	22	6	367	387	253	1.873422	2.786632	725.014285	0.065631	42422	10.062144	15.544592	256x256	65536	sparse	Learned	551	22	59	4184	34.938836	0.782718	33.171951	0.997574	0.109192	0.632121	2	6	0.545455	74	3626	35.246169	0.805216	0.997848	34.206946	0.844327	0.108431	474	33.536961	0.716793	0.996255	30.200533	0.601481	0.115902	-2.603906	-0.168112	-3.508071	-0.077279	False	nuclei_056
nuclei_057.png	0.997410	30.281072	0.137884	0.490207	31.715282	0.667992	3587	14	30	56	33	2.103226	2.142857	310	326	596.102597	2.664356	0.075883	-0.000784	-0.009408	1900.085211	0.137884	0.137884	14	30	-16	56	33	2.103226	2.142857	16	3	310	326	221	1.828536	2.664356	596.102597	0.075883	43172	12.035684	18.270421	256x256	65536	sparse	Learned	464	16	48	3529	33.887984	0.742080	32.069318	0.998194	0.147292	0.624689	2	7	0.000000	65	3404	34.258300	0.774361	0.998358	33.013575	0.613259	0.142314	606	33.045377	0.677404	0.997684	31.008580	0.563951	0.148327	-1.788246	-0.134482	-2.172702	-0.074088	False	nuclei_057
nuclei_058.png	0.997089	29.546100	0.136134	0.464581	30.364951	0.590566	3729	15	24	48	35	2.061017	1.600000	295	304	567.475180	2.717473	0.059264	-0.000752	-0.011143	1953.480244	0.136134	0.136134	15	24	-9	48	35	2.061017	1.600000	17	3	295	304	212	1.866695	2.717473	567.475180	0.059264	44378	11.900778	17.574685	256x256	65536	sparse	Learned	479	17	43	3680	32.468658	0.690128	30.873798	0.997841	0.147277	0.368716	4	4	0.450980	54	3520	32.860406	0.736411	0.998123	31.571164	0.180611	0.145954	533	31.584120	0.599673	0.997164	29.449510	0.802101	0.154120	-1.327698	0.095865	-2.103708	-0.099562	False	nuclei_058
nuclei_059.png	0.998059	28.426604	0.219173	0.409922	28.847928	0.457789	3124	14	19	34	32	2.037736	1.357143	265	270	467.899113	2.732731	0.063554	-0.000016	0.129865	1748.432159	0.219173	0.219173	14	19	-5	34	32	2.037736	1.357143	16	3	265	270	199	1.732960	2.732731	467.899113	0.063554	46719	14.954866	20.978233	256x256	65536	sparse	Learned	387	16	27	3063	29.726306	0.577123	28.366025	0.998075	0.089308	0.307806	431	357	0.000000	29	3092	30.067050	0.626718	0.998101	28.372294	0.218222	0.094677	660	29.168444	0.470405	0.997710	27.516404	0.666176	0.082318	0.060580	0.102116	-0.878378	-0.119333	False	nuclei_059
