filename	ng_fg_ssim	ng_fg_psnr	ng_iou	ng_topo_q	ng_psnr	ng_ssim	ng_bytes	graph_n_components	graph_n_cycles	graph_n_junctions	graph_n_endpoints	graph_mean_degree	graph_complexity	n_nodes	n_edges	total_edge_length	mean_width_px	mean_curvature	delta_fg_ssim	delta_iou	total_time_ms	self_iou	ng_recon_iou	ng_n_components	ng_n_cycles	ng_euler_characteristic	ng_n_junctions	ng_n_endpoints	ng_mean_degree	ng_graph_complexity	ng_seg_beta_0	ng_seg_beta_1	graph_n_nodes	graph_n_edges	graph_n_sampled	graph_mean_edge_length	graph_mean_width	graph_total_edge_length	graph_mean_curvature	png_bytes	ng_vs_png	ng_vs_raw	image_shape	image_pixels	image_type	segmenter	n_points	n_structures	jpeg_quality	jpeg_bytes	jpeg_psnr	jpeg_ssim	jpeg_fg_psnr	jpeg_fg_ssim	jpeg_iou	jpeg_topo_q	jpeg_beta_0	jpeg_beta_1	jpeg_betti_preservation	webp_quality	webp_bytes	webp_psnr	webp_ssim	webp_fg_ssim	webp_fg_psnr	webp_topo_q	webp_iou	jp2_bytes	jp2_psnr	jp2_ssim	jp2_fg_ssim	jp2_fg_psnr	jp2_topo_q	jp2_iou	delta_fg_psnr	delta_topo_q	delta_psnr	delta_ssim	gt_available	stem
membrane_000.png	0.927634	31.155196	0.469217	0.938919	26.809116	0.581772	9351	9	44	97	43	2.088832	4.888889	788	823	1464.082395	9.545495	0.051016	-0.029339	0.029296	10104.109287	0.469217	0.469217	9	44	-35	97	43	2.088832	4.888889	9	1	788	823	648	1.778958	9.545495	1464.082395	0.051016	43915	4.696289	7.008448	256x256	65536	sparse	Otsu	998	9	78	9215	34.334900	0.804982	33.806604	0.956974	0.439920	0.358884	154	226	0.000000	79	8908	36.031034	0.881216	0.974447	35.568019	0.249020	0.438305	249	28.340563	0.625289	0.910541	28.884243	0.994908	0.416295	-2.651408	0.580035	-7.525784	-0.223210	False	membrane_000
membrane_001.png	0.946011	30.248640	0.523357	0.742256	26.193004	0.551660	9371	16	57	116	48	2.116643	3.562500	703	744	1450.052957	7.751405	0.075410	-0.021435	0.045591	8313.247681	0.523357	0.523357	16	57	-41	116	48	2.116643	3.562500	19	2	703	744	539	1.948996	7.751405	1450.052957	0.075410	44447	4.743037	6.993491	256x256	65536	sparse	Frangi	949	19	76	8941	33.682679	0.789866	32.911438	0.967447	0.477765	0.328716	167	248	0.000000	77	9116	35.400536	0.874405	0.981744	34.844460	0.279165	0.474952	246	27.474724	0.592563	0.926960	26.303113	0.995392	0.470179	-2.662798	0.413540	-7.489675	-0.238206	False	membrane_001
membrane_002.png	0.916061	30.659246	0.577259	0.925230	26.212175	0.553412	10429	8	45	99	37	2.102921	5.625000	719	756	1347.856998	11.161617	0.052876	-0.037823	0.049002	16049.001217	0.577259	0.577259	8	45	-37	99	37	2.102921	5.625000	9	2	719	756	583	1.782880	11.161617	1347.856998	0.052876	44252	4.243168	6.284016	256x256	65536	sparse	Otsu	1171	9	79	10079	34.155740	0.810867	33.529872	0.953884	0.528257	0.336818	170	278	0.000000	80	9900	36.377027	0.895224	0.977100	36.183580	0.267934	0.525681	250	27.728973	0.603937	0.892447	28.932875	0.992987	0.505996	-2.870626	0.588412	-7.943565	-0.257455	False	membrane_002
membrane_003.png	0.957969	29.899873	0.512994	0.630134	25.210020	0.532341	10317	17	44	98	57	2.070866	2.588235	762	789	1449.144840	6.285147	0.060174	-0.020146	0.062703	8096.243382	0.512994	0.512994	17	44	-27	98	57	2.070866	2.588235	26	4	762	789	607	1.836685	6.285147	1449.144840	0.060174	44374	4.301057	6.352234	256x256	65536	sparse	Frangi	1076	26	79	10185	34.056738	0.809639	33.360680	0.978114	0.450290	0.284294	214	295	0.000000	79	9864	36.058680	0.891407	0.987127	35.314880	0.271908	0.449961	247	26.990295	0.597170	0.942358	26.083070	0.993903	0.438111	-3.460807	0.345840	-8.846718	-0.277298	False	membrane_003
membrane_004.png	0.920578	31.131111	0.508511	0.885511	27.260420	0.580794	9396	10	37	87	38	2.072193	3.700000	748	775	1377.727056	10.158514	0.045091	-0.030380	0.033348	11313.025951	0.508511	0.508511	10	37	-27	87	38	2.072193	3.700000	11	1	748	775	623	1.777712	10.158514	1377.727056	0.045091	44103	4.693806	6.974883	256x256	65536	sparse	Otsu	1018	11	77	9073	34.115594	0.801730	33.541971	0.950959	0.475162	0.383455	138	253	0.000000	79	9230	36.033675	0.885747	0.973928	35.665776	0.246771	0.476221	250	27.458860	0.611709	0.895782	28.491324	0.998769	0.454668	-2.410861	0.502056	-6.855175	-0.220936	False	membrane_004
membrane_005.png	0.922055	30.975335	0.461644	0.978321	27.260663	0.569145	10061	6	41	97	37	2.082840	6.833333	845	880	1551.266161	9.059990	0.046196	-0.031738	0.032116	9129.060268	0.461644	0.461644	6	41	-35	97	37	2.082840	6.833333	7	1	845	880	711	1.762802	9.059990	1551.266161	0.046196	44375	4.410595	6.513865	256x256	65536	sparse	Otsu	1087	7	78	9732	33.940248	0.803670	33.372270	0.953793	0.429528	0.344027	159	251	0.000000	79	9742	36.058293	0.891007	0.976194	35.776747	0.262953	0.432345	246	26.167065	0.596060	0.897455	27.346717	0.999671	0.406183	-2.396934	0.634295	-6.679584	-0.234525	False	membrane_005
membrane_006.png	0.929498	30.672738	0.451291	0.892901	26.165739	0.547905	10546	8	37	76	31	2.081006	4.625000	716	745	1291.685425	9.224075	0.049959	-0.032503	0.031171	16741.105318	0.451291	0.451291	8	37	-29	76	31	2.081006	4.625000	10	1	716	745	609	1.733806	9.224075	1291.685425	0.049959	44186	4.189835	6.214299	256x256	65536	sparse	Otsu	1258	10	80	10479	34.324615	0.820160	33.763909	0.962001	0.420119	0.322557	193	296	0.000000	80	10314	36.499587	0.900830	0.980305	36.232236	0.268681	0.421408	246	26.803163	0.601303	0.906816	27.558997	0.999840	0.392953	-3.091171	0.570344	-8.158876	-0.272254	False	membrane_006
membrane_007.png	0.999134	29.511985	0.058113	0.470065	29.165328	0.609736	2357	6	11	23	13	2.069930	1.833333	143	148	263.208153	2.983869	0.062380	-0.000120	-0.000971	1742.701530	0.058113	0.058113	6	11	-5	23	13	2.069930	1.833333	8	1	143	148	107	1.778433	2.983869	263.208153	0.062380	43997	18.666525	27.804837	256x256	65536	sparse	Learned	267	8	28	2344	32.470307	0.682770	31.177809	0.999255	0.059084	0.928088	13	28	0.000000	42	2292	32.710175	0.705443	0.999252	31.298266	0.550966	0.059165	3858	33.320392	0.751180	0.999501	33.061332	0.481685	0.059229	-1.665824	-0.458023	-3.304979	-0.073034	False	membrane_007
membrane_008.png	0.998978	29.852247	0.063141	0.354889	29.028065	0.614798	2325	8	8	15	17	2.000000	1.000000	144	144	258.379726	2.962168	0.067401	-0.000112	-0.001609	1651.783943	0.063141	0.063141	8	8	0	15	17	2.000000	1.000000	12	0	144	144	112	1.794304	2.962168	258.379726	0.067401	43889	18.876989	28.187527	256x256	65536	sparse	Learned	270	12	27	2273	32.496121	0.687631	31.199616	0.999090	0.064750	0.901603	16	41	0.000000	44	2320	32.754355	0.704950	0.999125	31.522267	0.584200	0.063916	4106	33.509553	0.761474	0.999686	34.149231	0.459759	0.066134	-1.347369	-0.546714	-3.468056	-0.072833	False	membrane_008
membrane_009.png	0.998479	29.488419	0.091231	0.388054	28.094593	0.595039	3425	13	29	54	31	2.136170	2.230769	235	251	515.250266	2.836814	0.064866	-0.000368	-0.001608	1875.835657	0.091231	0.091231	13	29	-16	54	31	2.136170	2.230769	18	4	235	251	150	2.052790	2.836814	515.250266	0.064866	43980	12.840876	19.134599	256x256	65536	sparse	Learned	361	18	38	3404	32.768344	0.718797	31.596582	0.998847	0.092839	0.572658	59	71	0.000000	50	3320	32.940549	0.739088	0.998832	31.744147	0.460968	0.092246	596	32.033055	0.656902	0.998565	30.859537	0.907449	0.091144	-2.108163	-0.184604	-4.673751	-0.123758	False	membrane_009
membrane_010.png	0.997749	29.752497	0.111870	0.419089	27.960153	0.601986	3901	14	22	44	32	2.054237	1.571429	295	303	540.931024	3.165857	0.065353	-0.000505	0.000130	2159.871340	0.111870	0.111870	14	22	-8	44	32	2.054237	1.571429	19	2	295	303	219	1.785251	3.165857	540.931024	0.065353	43805	11.229172	16.799795	256x256	65536	sparse	Learned	423	19	44	3889	33.146484	0.739779	31.931441	0.998255	0.111740	0.525165	71	83	0.000000	57	3884	33.376436	0.767759	0.998189	31.868058	0.367365	0.113539	541	32.189133	0.668052	0.997709	30.815011	0.881671	0.111743	-2.178944	-0.106076	-5.186331	-0.137793	False	membrane_010
membrane_011.png	0.941599	30.907976	0.454383	0.862619	25.897180	0.576439	10302	11	24	56	37	2.034993	2.181818	743	756	1377.919067	8.339417	0.053275	-0.025739	0.029077	15144.607306	0.454383	0.454383	11	24	-13	56	37	2.034993	2.181818	12	0	743	756	650	1.822644	8.339417	1377.919067	0.053275	43754	4.247136	6.361483	256x256	65536	sparse	Otsu	1253	12	80	10158	34.691677	0.833945	34.102350	0.967338	0.425306	0.372333	181	280	0.000000	80	9680	36.428947	0.898894	0.981217	35.964187	0.311367	0.424573	247	25.250913	0.600127	0.912323	25.049469	0.991261	0.359621	-3.194374	0.490286	-8.794497	-0.257506	False	membrane_011
membrane_012.png	0.995268	30.325485	0.236770	0.575962	26.358664	0.578818	8333	25	49	94	62	2.067893	1.960000	707	731	1373.060532	3.156693	0.064950	-0.002406	0.017006	4439.603806	0.236770	0.236770	25	49	-24	94	62	2.067893	1.960000	29	3	707	731	551	1.878332	3.156693	1373.060532	0.064950	43445	5.213609	7.864635	256x256	65536	sparse	Learned	1041	29	76	8310	34.673521	0.827682	33.938386	0.997674	0.219764	0.410695	143	180	0.000000	77	7582	35.431474	0.869182	0.998100	34.672143	0.329244	0.216264	249	24.863806	0.603709	0.990143	23.846282	0.999992	0.165521	-3.612902	0.165267	-8.314857	-0.248864	False	membrane_012
membrane_013.png	0.992051	30.566410	0.337597	0.754539	26.669407	0.588931	9945	25	83	171	81	2.118974	3.320000	975	1033	2086.313030	3.266512	0.080589	-0.004037	0.032802	2989.326715	0.337597	0.337597	25	83	-58	171	81	2.118974	3.320000	26	5	975	1033	723	2.019664	3.266512	2086.313030	0.080589	43450	4.369030	6.589844	256x256	65536	sparse	Learned	1095	26	79	9671	34.945950	0.848987	34.296888	0.996088	0.304795	0.401887	166	250	0.000000	80	9726	36.539631	0.906965	0.997173	35.684595	0.331585	0.301143	248	24.330230	0.582101	0.982453	23.743851	0.997062	0.229986	-3.730479	0.352651	-8.276543	-0.260056	False	membrane_013
membrane_014.png	0.968160	31.279471	0.493228	0.822716	26.538047	0.630489	11074	16	64	126	54	2.102784	4.000000	934	982	1977.688138	5.898438	0.085127	-0.014661	0.030244	6357.842922	0.493228	0.493228	16	64	-48	126	54	2.102784	4.000000	20	4	934	982	754	2.013939	5.898438	1977.688138	0.085127	43392	3.918367	5.918006	256x256	65536	sparse	Meijering	1146	20	81	10719	35.338555	0.871399	34.721960	0.982821	0.462984	0.445636	149	282	0.000000	82	10950	37.357569	0.927496	0.989941	36.647224	0.354121	0.462415	249	23.793556	0.553488	0.917430	23.295788	0.999992	0.373906	-3.442489	0.377080	-8.800507	-0.240910	False	membrane_014
membrane_015.png	0.983938	31.362802	0.447094	0.988157	26.472767	0.653057	18454	12	219	431	103	2.200387	18.250000	2066	2273	3995.107433	3.541060	0.078022	-0.011605	0.044024	4467.497349	0.447094	0.447094	12	219	-207	431	103	2.200387	18.250000	15	23	2066	2273	1532	1.757636	3.541060	3995.107433	0.078022	43222	2.342148	3.551317	256x256	65536	dense	Learned	2266	15	90	18252	37.942547	0.937870	37.630520	0.995543	0.403070	0.400055	207	438	0.000000	91	18112	42.307179	0.978949	0.998469	41.901349	0.403504	0.401829	248	23.398083	0.512676	0.959085	22.681759	0.999984	0.306614	-6.267718	0.588101	-11.469780	-0.284813	False	membrane_015
membrane_016.png	0.984568	31.695198	0.445782	0.998464	27.269843	0.704262	20855	10	298	570	95	2.241206	29.800000	2388	2676	4681.677467	3.446228	0.076604	-0.012164	0.021197	4451.751232	0.445782	0.445782	10	298	-288	570	95	2.241206	29.800000	12	38	2388	2676	1723	1.749506	3.446228	4681.677467	0.076604	42587	2.042052	3.142460	256x256	65536	dense	Learned	2588	12	92	19683	40.152854	0.964317	39.841263	0.996732	0.424584	0.401521	214	359	0.000000	94	20626	44.592370	0.988223	0.998935	44.275496	0.392739	0.419034	247	23.542642	0.490674	0.946455	22.163359	0.998218	0.282814	-8.146065	0.596942	-12.883011	-0.260055	False	membrane_016
membrane_017.png	0.981568	31.259085	0.499985	0.999995	27.434893	0.750009	23668	5	387	723	83	2.282440	77.400000	2705	3087	5197.125771	3.525996	0.063430	-0.015559	0.011699	5211.756229	0.499985	0.499985	5	387	-382	723	83	2.282440	77.400000	7	64	2705	3087	1899	1.683552	3.525996	5197.125771	0.063430	42713	1.804673	2.768971	256x256	65536	dense	Learned	2955	7	93	21775	41.574975	0.977837	41.049006	0.997127	0.488285	0.378260	214	217	0.000000	96	23114	46.161416	0.992299	0.999089	45.921784	0.359799	0.490115	246	21.791321	0.435389	0.919553	21.028113	1.000000	0.380380	-9.789920	0.621734	-14.140082	-0.227828	False	membrane_017
membrane_018.png	0.976694	31.771962	0.498989	0.999997	27.560458	0.778340	24260	7	439	792	84	2.310680	62.714286	2781	3213	5532.613850	3.674706	0.069943	-0.020399	-0.034114	5430.369854	0.498989	0.498989	7	439	-432	792	84	2.310680	62.714286	7	76	2781	3213	1905	1.721946	3.674706	5532.613850	0.069943	41490	1.710223	2.701401	256x256	65536	dense	Learned	2981	7	94	22636	43.148632	0.984528	42.583308	0.997093	0.533104	0.336232	226	158	0.000000	98	24218	47.759472	0.994309	0.999073	47.641501	0.326191	0.541250	245	20.856410	0.429274	0.881469	20.078714	0.999938	0.358980	-10.811346	0.663765	-15.588174	-0.206188	False	membrane_018
membrane_019.png	0.977261	35.143045	0.441347	0.999998	32.310252	0.864672	21708	4	445	819	76	2.318182	111.250000	2772	3213	5707.085458	3.725207	0.076609	-0.020624	-0.027048	4848.192215	0.441347	0.441347	4	445	-441	819	76	2.318182	111.250000	7	86	2772	3213	1877	1.776248	3.725207	5707.085458	0.076609	34412	1.585222	3.018979	256x256	65536	dense	Learned	2974	7	96	20120	47.561816	0.991162	46.906338	0.997885	0.468395	0.339789	179	83	0.000000	100	18966	49.330903	0.993433	0.998565	49.192075	0.361080	0.468294	250	24.957807	0.593249	0.882428	24.732290	0.999903	0.338057	-11.763293	0.660209	-15.251563	-0.126491	False	membrane_019
membrane_020.png	0.977097	33.402326	0.446039	0.999816	30.057318	0.883055	24658	5	439	760	81	2.333461	87.800000	2603	3037	5323.988382	3.193939	0.078840	-0.021860	-0.028823	10135.239601	0.446039	0.446039	5	439	-434	760	81	2.333461	87.800000	10	70	2603	3037	1762	1.753042	3.193939	5323.988382	0.078840	33771	1.369576	2.657799	256x256	65536	dense	Learned	3657	10	97	22079	48.937060	0.993264	48.086948	0.998957	0.474862	0.367043	136	58	0.000000	100	18068	49.436216	0.993378	0.999118	49.193214	0.371043	0.476527	249	24.836459	0.588233	0.845222	22.709117	0.999364	0.299722	-14.684622	0.632773	-18.879742	-0.110210	False	membrane_020
membrane_021.png	0.988778	32.640092	0.468004	0.993824	32.458478	0.902439	18333	12	263	495	78	2.226739	21.916667	2214	2465	4304.413706	2.858437	0.077013	-0.010069	-0.029833	3436.235666	0.468004	0.468004	12	263	-251	495	78	2.226739	21.916667	14	41	2214	2465	1641	1.746212	2.858437	4304.413706	0.077013	36317	1.980963	3.574756	256x256	65536	dense	Learned	2418	14	94	17161	45.105784	0.987468	43.364823	0.998847	0.497837	0.439625	94	45	0.000000	98	17802	47.912276	0.991997	0.999489	47.378309	0.378279	0.494443	248	22.382828	0.542870	0.847128	19.082095	0.915536	0.297139	-10.724731	0.554199	-12.647306	-0.085029	False	membrane_021
membrane_022.png	0.990549	32.734235	0.454833	0.989281	33.241758	0.915743	17187	13	216	399	72	2.196325	16.615385	2068	2271	3855.950719	2.626446	0.070217	-0.008492	-0.027505	3371.473789	0.454833	0.454833	13	216	-203	399	72	2.196325	16.615385	14	33	2068	2271	1597	1.697909	2.626446	3855.950719	0.070217	35085	2.041368	3.813115	256x256	65536	dense	Learned	2318	14	94	16001	45.516548	0.987847	43.429776	0.999041	0.482338	0.454335	80	33	0.000000	98	16700	48.098979	0.991753	0.999563	47.383085	0.408677	0.467123	245	22.670945	0.555234	0.863226	19.338043	0.863109	0.248767	-10.695541	0.534946	-12.274791	-0.072104	False	membrane_022
membrane_023.png	0.991522	32.858476	0.457374	0.987075	34.056138	0.927371	16163	9	198	362	59	2.195450	22.000000	1934	2123	3681.168973	2.531180	0.071303	-0.007638	-0.007846	3135.768652	0.457374	0.457374	9	198	-189	362	59	2.195450	22.000000	14	31	1934	2123	1513	1.733947	2.531180	3681.168973	0.071303	34352	2.125348	4.054693	256x256	65536	dense	Learned	2188	14	94	15448	45.800244	0.988269	43.470559	0.999160	0.465220	0.339533	104	18	0.000000	98	15738	47.980552	0.990976	0.999596	47.322113	0.338475	0.464369	244	22.833751	0.574871	0.855461	18.856861	0.999215	0.224964	-10.612083	0.647542	-11.744106	-0.060898	False	membrane_023
membrane_024.png	0.990278	33.815240	0.460938	0.984348	36.213633	0.941482	14846	13	185	347	63	2.183369	14.230769	1876	2048	3532.671499	2.527519	0.073614	-0.008911	-0.000799	2594.913960	0.460938	0.460938	13	185	-172	347	63	2.183369	14.230769	14	31	1876	2048	1466	1.724937	2.527519	3532.671499	0.073614	31058	2.092011	4.414388	256x256	65536	dense	Learned	2078	14	95	14761	47.603579	0.990935	45.115560	0.999189	0.461737	0.362722	91	23	0.000000	100	14846	49.675868	0.992848	0.999576	49.046198	0.364121	0.463295	242	25.026300	0.625123	0.867392	20.801204	0.821649	0.170341	-11.300320	0.621626	-11.389946	-0.049453	False	membrane_024
membrane_025.png	0.988337	35.146907	0.470572	0.995738	38.224776	0.950015	11105	5	169	307	28	2.238372	33.800000	1376	1540	3285.605481	2.528936	0.082773	-0.010543	-0.029428	2303.889990	0.470572	0.470572	5	169	-164	307	28	2.238372	33.800000	10	31	1376	1540	1041	2.133510	2.528936	3285.605481	0.082773	26813	2.414498	5.901486	256x256	65536	sparse	Learned	1506	10	94	10839	48.551017	0.991753	45.460050	0.998880	0.500000	0.406074	80	29	0.000000	99	10934	49.810637	0.991710	0.999361	48.809327	0.366241	0.496715	248	28.241999	0.702909	0.880971	23.912936	0.815019	0.208130	-10.313143	0.589664	-10.326241	-0.041738	False	membrane_025
membrane_026.png	0.990955	32.850949	0.496658	0.987433	35.935471	0.944296	13953	10	155	284	49	2.172825	15.500000	1678	1823	3183.848899	2.431771	0.080604	-0.008215	0.000808	2672.771692	0.496658	0.496658	10	155	-145	284	49	2.172825	15.500000	12	24	1678	1823	1345	1.746489	2.431771	3183.848899	0.080604	31138	2.231635	4.696911	256x256	65536	dense	Learned	1930	12	94	13310	46.793367	0.989560	43.751618	0.999170	0.495850	0.377280	82	18	0.000000	98	13054	48.613811	0.991299	0.999582	47.454141	0.356687	0.497081	248	24.909296	0.614920	0.875524	20.296448	0.853978	0.197205	-10.900669	0.610153	-10.857896	-0.045263	False	membrane_026
membrane_027.png	0.992230	32.183791	0.506467	0.994247	35.029042	0.939160	13783	8	156	284	40	2.182378	19.500000	1623	1771	3106.350647	2.388434	0.082857	-0.006969	0.002142	2427.247763	0.506467	0.506467	8	156	-148	284	40	2.182378	19.500000	10	23	1623	1771	1299	1.754009	2.388434	3106.350647	0.082857	32839	2.382573	4.754843	256x256	65536	dense	Learned	1827	10	93	13056	45.605882	0.987495	42.472152	0.999199	0.504325	0.371034	87	20	0.000000	97	13352	47.809586	0.990371	0.999619	46.538728	0.379104	0.515611	249	24.020793	0.609263	0.863506	19.046251	0.892829	0.213904	-10.288361	0.623213	-10.576840	-0.048334	False	membrane_027
membrane_028.png	0.992421	31.885901	0.520617	0.969601	34.203086	0.935328	14197	10	151	275	46	2.168963	15.100000	1669	1810	3150.578124	2.340515	0.080526	-0.006797	0.000012	2485.169888	0.520617	0.520617	10	151	-141	275	46	2.168963	15.100000	15	25	1669	1810	1348	1.740651	2.340515	3150.578124	0.080526	33845	2.383954	4.616187	256x256	65536	dense	Learned	1873	15	93	13669	45.209310	0.986499	42.231559	0.999218	0.520605	0.446870	74	23	0.000000	97	14112	47.559142	0.989893	0.999658	46.553462	0.404234	0.520966	248	23.703198	0.606895	0.860845	18.649961	0.954041	0.222290	-10.345658	0.522731	-11.006224	-0.051171	False	membrane_028
membrane_029.png	0.991832	32.236318	0.515432	0.957424	34.176898	0.938406	14046	16	149	267	53	2.156379	9.312500	1701	1834	3164.326261	2.322658	0.079906	-0.007316	-0.015295	2201.670647	0.515432	0.515432	16	149	-133	267	53	2.156379	9.312500	17	24	1701	1834	1381	1.725369	2.322658	3164.326261	0.079906	33096	2.356258	4.665812	256x256	65536	dense	Learned	1901	17	93	13017	45.557064	0.986898	42.542948	0.999148	0.530727	0.421461	80	22	0.000000	97	13518	47.673812	0.989951	0.999579	46.462179	0.386064	0.507600	247	24.439834	0.621828	0.861727	19.155780	0.836579	0.220546	-10.306629	0.535963	-11.380166	-0.048492	False	membrane_029
membrane_030.png	0.989932	34.109178	0.502041	0.977501	37.382627	0.950970	13198	12	135	254	49	2.147217	11.250000	1671	1794	3151.125251	2.330248	0.083606	-0.009215	-0.002108	2427.154541	0.502041	0.502041	12	135	-123	254	49	2.147217	11.250000	14	21	1671	1794	1368	1.756480	2.330248	3151.125251	0.083606	28600	2.166995	4.965601	256x256	65536	dense	Learned	1925	14	95	13110	48.315937	0.991282	45.428050	0.999147	0.504149	0.365177	93	20	0.000000	100	12526	49.933031	0.992492	0.999531	49.021591	0.353253	0.508127	248	27.530271	0.696709	0.862606	22.308812	0.939433	0.193365	-11.318872	0.612324	-10.933310	-0.040312	False	membrane_030
membrane_031.png	0.987105	35.601214	0.497560	0.988495	39.519813	0.958214	10635	8	143	271	46	2.200594	17.875000	1346	1481	3207.295871	2.361329	0.089342	-0.011626	0.001799	2854.334831	0.497560	0.497560	8	143	-135	271	46	2.200594	17.875000	12	23	1346	1481	1029	2.165629	2.361329	3207.295871	0.089342	24709	2.323366	6.162294	256x256	65536	sparse	Learned	1530	12	94	9603	49.200868	0.991972	45.916025	0.998731	0.495762	0.358400	95	22	0.000000	100	9298	50.072944	0.990783	0.999248	49.154630	0.331933	0.464862	245	30.395630	0.741400	0.882749	25.135875	0.725417	0.182308	-10.314811	0.630096	-9.681055	-0.033758	False	membrane_031
membrane_032.png	0.986145	34.657186	0.420838	0.979496	35.462190	0.951419	12152	10	175	314	46	2.242647	17.500000	1360	1525	3270.372560	2.360844	0.087596	-0.012789	-0.060520	4195.641279	0.420838	0.420838	10	175	-165	314	46	2.242647	17.500000	14	25	1360	1525	1000	2.144507	2.360844	3270.372560	0.087596	25365	2.087311	5.393022	256x256	65536	sparse	Learned	1814	14	95	11244	49.583319	0.992565	46.606387	0.998934	0.481358	0.335829	102	22	0.000000	100	9778	49.989900	0.990773	0.999271	49.192276	0.328794	0.491444	249	30.123365	0.738914	0.894381	24.972076	0.999961	0.205831	-11.949200	0.643667	-14.121129	-0.041146	False	membrane_032
membrane_033.png	0.990990	32.905939	0.481834	0.970519	35.232250	0.938681	13885	11	147	271	47	2.162777	13.363636	1671	1807	3142.309017	2.346348	0.081137	-0.008132	-0.003418	2371.153831	0.481834	0.481834	11	147	-136	271	47	2.162777	13.363636	15	21	1671	1807	1353	1.738965	2.346348	3142.309017	0.081137	32056	2.308678	4.719914	256x256	65536	dense	Learned	1929	15	94	13747	46.423545	0.988306	43.700544	0.999121	0.485252	0.303623	118	25	0.000000	98	13782	48.427095	0.990999	0.999563	47.374632	0.283095	0.485375	247	25.144051	0.635892	0.880497	20.079117	0.994805	0.222310	-10.794605	0.666896	-11.191294	-0.049625	False	membrane_033
membrane_034.png	0.990219	34.184604	0.488638	0.963575	35.796740	0.938066	13240	13	138	256	47	2.150875	10.615385	1657	1782	3141.652163	2.300139	0.085723	-0.008759	0.007426	2208.219528	0.488638	0.488638	13	138	-125	256	47	2.150875	10.615385	16	21	1657	1782	1354	1.762992	2.300139	3141.652163	0.085723	29623	2.237387	4.949849	256x256	65536	dense	Learned	1913	16	94	12383	47.396146	0.989755	44.507853	0.998978	0.481212	0.298737	117	23	0.000000	99	13122	49.514154	0.992138	0.999503	48.598293	0.298648	0.480221	246	27.056286	0.671673	0.873129	22.076671	0.993780	0.206804	-10.323249	0.664838	-11.599407	-0.051689	False	membrane_034
membrane_035.png	0.985485	34.675542	0.436663	0.921732	35.443486	0.940396	12494	10	130	236	52	2.184473	13.000000	1301	1421	3167.211035	2.336787	0.093847	-0.013433	-0.029529	5352.230072	0.436663	0.436663	10	130	-120	236	52	2.184473	13.000000	21	17	1301	1421	1013	2.228861	2.336787	3167.211035	0.093847	25897	2.072755	5.245398	256x256	65536	sparse	Learned	1919	21	95	11715	49.455143	0.992486	46.596694	0.998917	0.466192	0.310670	113	23	0.000000	100	10216	50.012633	0.991168	0.999263	49.142727	0.300129	0.475190	250	29.652714	0.725386	0.893424	24.661207	0.875693	0.192009	-11.921152	0.611062	-14.011657	-0.052090	False	membrane_035
membrane_036.png	0.986317	35.339808	0.415050	0.866259	37.628311	0.945248	10726	17	123	231	64	2.161585	7.235294	1312	1418	3180.809233	2.348820	0.099169	-0.012359	0.007741	2667.296410	0.415050	0.415050	17	123	-106	231	64	2.161585	7.235294	27	12	1312	1418	1017	2.243166	2.348820	3180.809233	0.099169	25956	2.419914	6.110013	256x256	65536	sparse	Learned	1506	27	94	10535	48.728025	0.991315	45.834601	0.998676	0.407309	0.251794	129	12	0.000000	100	10398	50.004362	0.991130	0.999231	49.253381	0.296883	0.448815	250	29.364650	0.721204	0.893289	24.388381	0.900027	0.189513	-10.494794	0.614465	-11.099714	-0.046067	False	membrane_036
membrane_037.png	0.987112	34.105983	0.384800	0.871313	34.801584	0.932669	14417	24	119	243	90	2.110401	4.958333	1721	1816	3273.000777	2.418535	0.086659	-0.011813	0.001308	3381.457567	0.384800	0.384800	24	119	-95	243	90	2.110401	4.958333	27	12	1721	1816	1388	1.802313	2.418535	3273.000777	0.086659	29442	2.042172	4.545745	256x256	65536	dense	Learned	2125	27	95	14113	48.112156	0.990899	45.689333	0.998925	0.383491	0.230279	139	13	0.000000	100	13526	49.845607	0.992408	0.999385	49.097604	0.243293	0.382982	247	26.834153	0.673215	0.873950	22.195099	0.999995	0.230017	-11.583350	0.641034	-13.310573	-0.058229	False	membrane_037
membrane_038.png	0.987181	33.817635	0.390343	0.796866	35.380776	0.929090	14425	27	126	250	95	2.113924	4.666667	1738	1837	3355.780825	2.474706	0.086646	-0.011530	0.026586	3507.631779	0.390343	0.390343	27	126	-99	250	95	2.113924	4.666667	36	11	1738	1837	1393	1.826772	2.474706	3355.780825	0.086646	30912	2.142946	4.543224	256x256	65536	dense	Learned	2048	36	94	13534	47.035473	0.989195	44.508404	0.998710	0.363757	0.207322	154	9	0.000000	98	13272	48.632516	0.990996	0.999229	47.589246	0.185587	0.361845	250	26.303209	0.659192	0.860133	21.494878	0.976007	0.220811	-10.690768	0.589544	-11.654697	-0.060104	False	membrane_038
membrane_039.png	0.985326	33.920461	0.389728	0.777739	35.541554	0.922905	15245	34	157	306	116	2.128259	4.617647	1918	2041	3648.901290	2.461383	0.083262	-0.013222	0.032541	2665.888071	0.389728	0.389728	34	157	-123	306	116	2.128259	4.617647	41	17	1918	2041	1496	1.787801	2.461383	3648.901290	0.083262	31555	2.069859	4.298852	256x256	65536	dense	Learned	2124	41	94	14005	46.808589	0.988754	44.527932	0.998547	0.357187	0.206477	165	12	0.000000	98	13834	48.509460	0.990973	0.999140	47.569837	0.195929	0.355853	246	26.172900	0.643436	0.865222	22.071651	0.906986	0.227967	-10.607471	0.571262	-11.267035	-0.065849	False	membrane_039
membrane_040.png	0.982934	34.373270	0.377508	0.762317	34.476122	0.922900	14291	27	184	338	101	2.207124	6.814815	1516	1673	3690.812874	2.530990	0.097421	-0.015373	-0.012612	5368.526697	0.377508	0.377508	27	184	-157	338	101	2.207124	6.814815	44	19	1516	1673	1077	2.206105	2.530990	3690.812874	0.097421	30072	2.104261	4.585823	256x256	65536	sparse	Learned	2020	44	94	13248	47.311642	0.989323	45.169094	0.998307	0.390120	0.208081	182	19	0.000000	99	14178	49.500415	0.992146	0.999050	48.629637	0.193897	0.344826	244	27.554299	0.669308	0.873733	23.972710	0.999982	0.245745	-10.795824	0.554236	-12.835521	-0.066424	False	membrane_040
membrane_041.png	0.983477	34.583422	0.376372	0.775343	34.164802	0.912576	15722	35	168	342	128	2.131293	4.800000	2026	2159	3847.235064	2.550302	0.084385	-0.014784	0.009480	2829.150200	0.376372	0.376372	35	168	-133	342	128	2.131293	4.800000	44	18	2026	2159	1556	1.781952	2.550302	3847.235064	0.084385	31610	2.010558	4.168426	256x256	65536	dense	Learned	2234	44	94	14403	46.770536	0.988432	44.916936	0.998261	0.366892	0.187217	203	18	0.000000	99	15704	49.320956	0.992286	0.999131	48.715456	0.185889	0.365040	246	26.731808	0.648903	0.867772	23.538597	0.983690	0.238651	-10.333514	0.588127	-12.605734	-0.075855	False	membrane_041
membrane_042.png	0.977548	35.671320	0.342573	0.812074	34.396322	0.918651	15153	22	232	440	106	2.252101	10.545455	1666	1876	4041.471752	2.591347	0.093336	-0.020932	-0.024090	6546.329975	0.342573	0.342573	22	232	-210	440	106	2.252101	10.545455	41	26	1666	1876	1120	2.154303	2.591347	4041.471752	0.093336	27512	1.815614	4.324952	256x256	65536	sparse	Learned	2288	41	96	14930	49.719022	0.992466	48.146389	0.998479	0.366663	0.174511	236	16	0.000000	100	12368	49.939358	0.991690	0.998667	49.294345	0.158119	0.336889	248	30.108066	0.735478	0.891844	26.613002	0.864277	0.173293	-12.475069	0.637563	-15.322700	-0.073814	False	membrane_042
membrane_043.png	0.977353	35.705399	0.309083	0.829437	33.943011	0.916096	14336	19	199	381	91	2.232859	10.473684	1546	1726	3854.080292	2.746940	0.098665	-0.020729	-0.028078	7650.672913	0.309083	0.309083	19	199	-180	381	91	2.232859	10.473684	37	25	1546	1726	1074	2.232955	2.746940	3854.080292	0.098665	27814	1.940151	4.571429	256x256	65536	sparse	Learned	2144	37	95	13563	48.741581	0.990772	46.958796	0.998083	0.337161	0.168344	226	9	0.000000	100	12796	49.990714	0.991926	0.998701	49.325826	0.157071	0.343334	250	29.748967	0.725163	0.901397	26.805755	0.866346	0.221653	-11.253397	0.661093	-14.798570	-0.074676	False	membrane_043
membrane_044.png	0.980863	35.198497	0.428877	0.886724	34.173534	0.899275	12601	22	174	335	89	2.197147	7.909091	1542	1694	3674.628505	2.843610	0.093896	-0.016404	0.055681	3002.894640	0.428877	0.428877	22	174	-152	335	89	2.197147	7.909091	29	18	1542	1694	1118	2.169202	2.843610	3674.628505	0.093896	31101	2.468137	5.200857	256x256	65536	sparse	Learned	1670	29	92	11714	45.805129	0.984629	43.989687	0.997267	0.373196	0.184612	220	20	0.000000	96	11128	47.388320	0.988079	0.998189	46.337203	0.162639	0.317317	244	27.537224	0.677948	0.879057	24.622138	0.900241	0.259799	-8.791190	0.702113	-11.631596	-0.085355	False	membrane_044
membrane_045.png	0.979770	34.233668	0.376764	0.883073	31.165764	0.883011	14934	20	188	353	83	2.222369	9.400000	1511	1679	3622.491033	2.860990	0.092625	-0.018114	-0.020299	6919.358015	0.376764	0.376764	20	188	-168	353	83	2.222369	9.400000	29	26	1511	1679	1075	2.157529	2.860990	3622.491033	0.092625	32247	2.159301	4.388376	256x256	65536	sparse	Learned	2123	29	94	14767	46.472076	0.986677	44.831464	0.997884	0.397064	0.192335	219	22	0.000000	97	14154	47.989973	0.989799	0.998677	47.245539	0.183880	0.406255	243	27.267600	0.663011	0.871324	24.127964	0.997586	0.279156	-10.597796	0.690739	-15.306312	-0.103666	False	membrane_045
membrane_046.png	0.976530	34.560975	0.413177	0.841742	31.748286	0.900520	14300	27	195	371	108	2.220617	7.222222	1523	1691	3701.915434	2.852370	0.093580	-0.021225	-0.016047	6433.316946	0.413177	0.413177	27	195	-168	371	108	2.220617	7.222222	34	22	1523	1691	1044	2.189187	2.852370	3701.915434	0.093580	30281	2.117552	4.582937	256x256	65536	sparse	Learned	2131	34	94	13278	47.202718	0.987536	45.380138	0.997755	0.429223	0.225064	195	62	0.000000	98	13738	48.717014	0.990306	0.998626	48.026354	0.211663	0.430080	250	29.052915	0.720210	0.902536	25.761020	0.999849	0.283610	-10.819164	0.616678	-15.454432	-0.087017	False	membrane_046
membrane_047.png	0.979658	35.438124	0.381420	0.834701	34.616464	0.915045	13401	22	198	387	98	2.246154	9.000000	1430	1606	3429.678875	2.942520	0.090033	-0.018454	-0.023247	6812.467337	0.381420	0.381420	22	198	-176	387	98	2.246154	9.000000	32	24	1430	1606	945	2.135541	2.942520	3429.678875	0.090033	28295	2.111410	4.890381	256x256	65536	sparse	Learned	2042	32	95	13178	48.495816	0.989802	46.567795	0.998112	0.404667	0.201349	207	37	0.000000	100	13146	49.614447	0.990661	0.998825	49.253234	0.210386	0.451371	246	30.143003	0.765084	0.912714	26.652798	0.999458	0.299968	-11.129670	0.633352	-13.879352	-0.074757	False	membrane_047
membrane_048.png	0.983640	34.700585	0.405343	0.864083	35.215772	0.905178	13964	21	200	399	98	2.201918	9.523810	1773	1952	3307.814424	2.996530	0.074317	-0.014361	-0.001254	3123.674154	0.405343	0.405343	21	200	-179	399	98	2.201918	9.523810	28	27	1773	1952	1276	1.694577	2.996530	3307.814424	0.074317	31354	2.245345	4.693211	256x256	65536	dense	Learned	1978	28	94	13472	46.590693	0.986336	44.526130	0.998001	0.406597	0.198026	206	61	0.000000	97	13656	48.059166	0.989307	0.998774	47.112850	0.181633	0.407412	249	28.189507	0.740389	0.906621	24.034875	0.999681	0.326532	-9.825545	0.666057	-11.374921	-0.081158	False	membrane_048
membrane_049.png	0.987071	33.941155	0.440871	0.857897	33.534799	0.893036	13287	17	155	300	84	2.174242	9.117647	1584	1722	2855.383632	3.004024	0.072447	-0.011188	0.008752	3308.525324	0.440871	0.440871	17	155	-138	300	84	2.174242	9.117647	25	18	1584	1722	1200	1.658179	3.004024	2855.383632	0.072447	32621	2.455106	4.932340	256x256	65536	dense	Learned	1892	25	93	12783	45.434070	0.983421	43.189586	0.998259	0.432118	0.200937	190	44	0.000000	96	12442	47.106183	0.987265	0.998979	45.968737	0.175025	0.437176	246	27.040913	0.734294	0.912754	22.193825	0.999150	0.303955	-9.248431	0.656959	-11.899271	-0.090385	False	membrane_049
membrane_050.png	0.985705	33.932507	0.432430	0.804305	34.137212	0.919709	10575	19	123	240	84	2.193129	6.473684	1077	1181	2388.090274	2.972898	0.077822	-0.012708	-0.015903	5475.157499	0.432430	0.432430	19	123	-104	240	84	2.193129	6.473684	25	11	1077	1181	753	2.022092	2.972898	2388.090274	0.077822	28561	2.700804	6.197258	256x256	65536	sparse	Learned	1533	25	93	9985	47.028629	0.986661	44.255776	0.998413	0.448334	0.250359	174	92	0.000000	97	9500	48.258847	0.987963	0.998975	46.991342	0.213372	0.450603	249	29.834486	0.799015	0.942673	24.965517	0.999999	0.282969	-10.323269	0.553946	-12.891418	-0.066952	False	membrane_050
membrane_051.png	0.991908	33.520629	0.477148	0.856971	35.371563	0.917523	9452	16	104	204	61	2.157989	6.500000	1114	1202	1903.640836	3.033739	0.071234	-0.006624	0.010285	2603.745222	0.477148	0.477148	16	104	-88	204	61	2.157989	6.500000	17	5	1114	1202	849	1.583728	3.033739	1903.640836	0.071234	30198	3.194879	6.933559	256x256	65536	dense	Learned	1316	17	91	8991	45.166337	0.982012	41.589044	0.998532	0.466863	0.348242	146	150	0.000000	95	9316	46.748018	0.985391	0.999175	44.681829	0.292011	0.465110	247	28.652064	0.794818	0.955324	23.344419	0.999973	0.287177	-8.068414	0.508729	-9.794774	-0.064489	False	membrane_051
membrane_052.png	0.990165	32.165557	0.527621	0.823368	32.235870	0.910692	11890	17	139	241	59	2.211990	8.176471	1151	1273	1949.711904	3.033967	0.053978	-0.008864	0.062777	5061.771870	0.527621	0.527621	17	139	-122	241	59	2.211990	8.176471	19	16	1151	1273	851	1.531588	3.033967	1949.711904	0.053978	30402	2.556939	5.511859	256x256	65536	dense	Learned	1855	19	94	11513	46.349484	0.984441	43.265766	0.999029	0.464844	0.507090	105	262	0.000000	97	10704	47.839600	0.987073	0.999512	46.809333	0.476181	0.453143	247	29.243313	0.806883	0.962466	24.136631	0.993126	0.289801	-11.100209	0.316278	-14.113614	-0.073749	False	membrane_052
membrane_053.png	0.992914	32.221857	0.527150	0.815275	34.711027	0.899888	9111	16	98	199	59	2.155894	6.125000	1052	1134	1796.388501	3.003526	0.061963	-0.005710	0.028984	2606.320858	0.527150	0.527150	16	98	-82	199	59	2.155894	6.125000	18	11	1052	1134	794	1.584117	3.003526	1796.388501	0.061963	32931	3.614422	7.193063	256x256	65536	dense	Learned	1252	18	89	8425	43.137368	0.971305	39.542825	0.998624	0.498166	0.527633	94	244	0.000000	93	8070	44.668973	0.975237	0.999290	42.899042	0.469673	0.497268	249	28.414436	0.784064	0.970681	23.654338	0.998719	0.360998	-7.320969	0.287642	-8.426341	-0.071416	False	membrane_053
membrane_054.png	0.993233	31.884151	0.511880	0.898457	32.941908	0.892216	9274	11	82	160	45	2.162286	7.454545	875	946	1461.366666	3.142951	0.060589	-0.005574	0.071056	4257.925510	0.511880	0.511880	11	82	-71	160	45	2.162286	7.454545	11	6	875	946	670	1.544785	3.142951	1461.366666	0.060589	33731	3.637158	7.066638	256x256	65536	dense	Learned	1425	11	90	9024	43.106313	0.966634	39.897149	0.998807	0.440824	0.566699	87	285	0.000000	93	8716	44.518680	0.972881	0.999395	43.017358	0.550489	0.423048	248	29.344041	0.801464	0.975356	24.125265	0.998793	0.314882	-8.012998	0.331758	-10.164406	-0.074417	False	membrane_054
membrane_055.png	0.993538	30.130051	0.241150	0.670441	31.282305	0.828660	5215	6	14	27	16	2.059701	2.333333	268	276	375.421356	7.312644	0.031623	-0.003489	-0.012725	5878.792763	0.241150	0.241150	6	14	-8	27	16	2.059701	2.333333	6	1	268	276	225	1.360222	7.312644	375.421356	0.031623	38299	7.344008	12.566826	256x256	65536	dense	Meijering	818	6	73	5125	38.456410	0.909739	33.871474	0.997027	0.253874	0.650698	66	250	0.000000	84	4848	39.236684	0.916564	0.998280	36.541904	0.551385	0.248601	409	32.638131	0.809525	0.975341	25.278945	0.999977	0.237025	-3.741423	0.019743	-7.174105	-0.081079	False	membrane_055
membrane_056.png	0.997267	30.707994	0.103439	0.400362	32.788729	0.776205	2581	5	8	17	14	2.045802	1.600000	131	134	193.681629	6.729760	0.049561	-0.000367	-0.014331	2378.188610	0.103439	0.103439	5	8	-3	17	14	2.045802	1.600000	7	0	131	134	100	1.445385	6.729760	193.681629	0.049561	40359	15.636962	25.391709	256x256	65536	dense	Meijering	333	7	38	2546	35.855995	0.833574	31.459015	0.997634	0.117770	0.652645	54	143	0.000000	71	2412	36.296876	0.840027	0.998314	32.788033	0.735587	0.111374	3684	36.883580	0.854864	0.999256	36.275144	0.634565	0.115651	-0.751021	-0.252283	-3.067266	-0.057369	False	membrane_056
membrane_057.png	0.997735	31.242773	0.079683	0.359633	32.909992	0.760418	2299	7	5	12	15	1.965517	0.714286	116	114	159.154329	5.777360	0.050531	-0.000132	-0.007197	1989.940643	0.079683	0.079683	7	5	2	12	15	1.965517	0.714286	7	0	116	114	89	1.396091	5.777360	159.154329	0.050531	40783	17.739452	28.506307	256x256	65536	dense	Meijering	316	7	34	2198	35.434907	0.805830	31.999914	0.997867	0.086880	0.728166	39	88	0.000000	66	2152	35.867203	0.816406	0.998299	32.976830	0.573060	0.085455	3961	36.508449	0.840715	0.999300	36.412820	0.411937	0.089613	-0.757141	-0.368533	-2.524915	-0.045412	False	membrane_057
membrane_058.png	0.997599	30.706824	0.154989	0.551616	30.098703	0.657768	5654	16	40	85	48	2.087591	2.500000	548	572	861.261595	2.959463	0.055034	-0.000930	-0.020691	2048.128843	0.154989	0.154989	16	40	-24	85	48	2.087591	2.500000	19	3	548	572	415	1.505702	2.959463	861.261595	0.055034	43103	7.623452	11.591086	256x256	65536	dense	Learned	750	19	64	5509	34.483186	0.789118	33.207300	0.998529	0.175680	0.346830	196	204	0.000000	72	5078	34.842905	0.818484	0.998684	33.669598	0.246762	0.177720	342	31.738921	0.669897	0.996124	28.564671	0.998451	0.180499	-2.500476	0.204786	-4.384482	-0.131350	False	membrane_058
membrane_059.png	0.998940	29.019072	0.110914	0.585855	27.854838	0.508643	3871	10	28	59	26	2.113565	2.800000	317	335	612.830519	2.768796	0.068456	-0.000170	-0.011703	1696.590900	0.110914	0.110914	10	28	-18	59	26	2.113565	2.800000	13	1	317	335	232	1.829345	2.768796	612.830519	0.068456	45845	11.843193	16.929992	256x256	65536	sparse	Learned	441	13	35	3767	30.993404	0.649947	29.949244	0.999110	0.122617	0.401421	147	142	0.000000	39	3778	31.324557	0.698903	0.999070	29.889942	0.326243	0.122762	540	30.026420	0.538958	0.998713	28.526723	0.988026	0.125341	-0.930171	0.184433	-3.138565	-0.141304	False	membrane_059
