filename	gt_iou	seg_iou	seg_f1	seg_precision	seg_recall	gt_fg_ssim	gt_fg_psnr	ng_fg_ssim	ng_fg_psnr	ng_iou	ng_topo_q	topo_preservation	ng_psnr	ng_ssim	ng_bytes	graph_n_components	graph_n_cycles	graph_n_junctions	graph_n_endpoints	graph_mean_degree	graph_complexity	n_nodes	n_edges	total_edge_length	mean_width_px	mean_curvature	delta_gt_iou	delta_gt_fg_psnr	delta_gt_fg_ssim	delta_fg_ssim	delta_iou	total_time_ms	self_iou	ng_recon_iou	ng_n_components	ng_n_cycles	ng_euler_characteristic	ng_n_junctions	ng_n_endpoints	ng_mean_degree	ng_graph_complexity	ng_seg_beta_0	ng_seg_beta_1	graph_n_nodes	graph_n_edges	graph_n_sampled	graph_mean_edge_length	graph_mean_width	graph_total_edge_length	graph_mean_curvature	png_bytes	ng_vs_png	ng_vs_raw	image_shape	image_pixels	image_type	segmenter	n_points	n_structures	jpeg_quality	jpeg_bytes	jpeg_psnr	jpeg_ssim	jpeg_fg_psnr	jpeg_fg_ssim	jpeg_iou	jpeg_topo_q	jpeg_beta_0	jpeg_beta_1	jpeg_betti_preservation	webp_quality	webp_bytes	webp_psnr	webp_ssim	webp_fg_ssim	webp_fg_psnr	webp_topo_q	webp_iou	jp2_bytes	jp2_psnr	jp2_ssim	jp2_fg_ssim	jp2_fg_psnr	jp2_topo_q	jp2_iou	delta_fg_psnr	delta_topo_q	delta_psnr	delta_ssim	gt_available	pre_gt_iou	pre_ng_psnr	pre_ng_ssim	pre_ng_fg_psnr	gt_topology_q	recon_topology_q	jpeg_gt_iou	jpeg_gt_fg_psnr	jpeg_gt_fg_ssim	stem
UIT_12_y0x0.png	0.512535	0.848517	0.918051	0.942852	0.894523	0.993516	27.998243	0.994834	28.696829	0.527831	0.531710	0.570443	33.064120	0.881982	4650	14	5	15	33	1.870504	0.357143	139	130	634.386868	4.098780	0.000000	-0.011980	-3.125088	-0.003292	-0.002073	-0.014201	6601.166725	0.527831	0.527831	14	5	9	15	33	1.870504	0.357143	15	5	139	130	91	4.879899	4.098780	634.386868	0.000000	37681	8.103441	14.093763	256x256	65536	sparse	Learned	529	15	72	4609	37.461425	0.918323	31.002537	0.996907	0.542033	0.520015	20	38	0.000000	83	4368	39.475353	0.928671	0.998778	35.745845	0.425667	0.548601	472	32.099334	0.815289	0.986189	24.271145	0.475046	0.504891	-2.305708	0.011695	-4.397305	-0.036341	True	0.512459	33.088873	0.882953	28.711209	0.574575	0.327762	0.524514	31.123331	0.996809	UIT_12_y0x0
UIT_12_y0x256.png	0.613000	0.847545	0.917483	0.941073	0.895046	0.994292	28.982874	0.995663	29.517155	0.648319	0.508356	0.896832	34.528231	0.872657	4360	15	2	12	38	1.814286	0.133333	140	127	626.901587	3.637154	0.000000	-0.033569	-2.414053	-0.002770	-0.001583	-0.021879	1873.310804	0.648319	0.648319	15	2	13	12	38	1.814286	0.133333	16	2	140	127	90	4.936233	3.637154	626.901587	0.000000	37619	8.628211	15.031193	256x256	65536	sparse	Learned	504	16	70	4307	37.513839	0.907171	31.300556	0.997246	0.670198	0.365661	29	17	0.000000	81	3788	38.645702	0.915197	0.998692	34.767297	0.321934	0.664754	473	32.137249	0.798941	0.987841	24.533416	0.526056	0.600485	-1.783401	0.142694	-2.985608	-0.034514	True	0.614354	34.537084	0.872998	29.521325	0.609372	0.546504	0.646569	31.396926	0.997062	UIT_12_y0x256
UIT_12_y0x512.png	0.673847	0.803416	0.890993	0.847464	0.939236	0.991693	28.652559	0.991440	29.388405	0.683332	0.706242	1.050139	30.712418	0.802904	9438	20	5	28	59	1.897260	0.250000	292	277	1396.638744	3.781485	0.000000	0.000706	-3.404916	-0.004873	-0.004129	-0.003946	3673.974276	0.683332	0.683332	20	5	15	28	59	1.897260	0.250000	20	4	292	277	205	5.042017	3.781485	1396.638744	0.000000	42440	4.496715	6.943844	256x256	65536	dense	Learned	1233	20	79	9181	35.495987	0.898246	32.154994	0.995568	0.687278	0.484314	62	87	0.000000	83	9298	37.866130	0.934754	0.998004	35.681924	0.375125	0.681990	246	20.496775	0.483434	0.925511	15.607845	0.830517	0.325262	-2.766589	0.221928	-4.783570	-0.095342	True	0.674848	30.726748	0.803164	29.390712	0.685617	0.719993	0.673141	32.057475	0.996565	UIT_12_y0x512
UIT_12_y0x768.png	0.616742	0.793989	0.885166	0.835714	0.940839	0.994801	31.738060	0.993269	31.847865	0.728358	0.378559	1.214076	37.499523	0.885658	3005	14	0	3	31	1.678161	0.000000	87	73	366.634560	4.629369	0.000000	0.058110	-1.199184	-0.001348	-0.001551	0.069315	2253.153801	0.728358	0.728358	14	0	14	3	31	1.678161	0.000000	14	0	87	73	53	5.022391	4.629369	366.634560	0.000000	36546	12.161730	21.808985	256x256	65536	sparse	Learned	356	14	64	2882	38.727561	0.904227	32.957229	0.994820	0.659043	0.350904	46	23	0.000000	82	2564	39.417461	0.911797	0.997227	35.422887	0.206497	0.656414	3057	39.251695	0.905380	0.997976	36.876655	0.195610	0.657795	-1.109363	0.027655	-1.228038	-0.018569	True	0.617059	37.522168	0.886259	31.853971	0.424203	0.515015	0.558631	32.937244	0.996149	UIT_12_y0x768
UIT_12_y256x0.png	0.589614	0.811435	0.895903	0.902376	0.889522	0.991027	25.063028	0.996407	28.670644	0.645040	0.625130	1.354042	30.743898	0.818747	6726	17	2	15	45	1.851485	0.117647	202	187	942.435642	3.373789	0.000000	-0.015534	-5.989878	-0.006835	-0.001487	0.007647	1819.055319	0.645040	0.645040	17	2	15	15	45	1.851485	0.117647	17	2	202	187	142	5.039763	3.373789	942.435642	0.000000	41853	6.222569	9.743681	256x256	65536	dense	Learned	850	17	73	6675	35.783429	0.896806	30.971830	0.997893	0.637393	0.522270	31	27	0.000000	80	6456	37.295637	0.914605	0.998971	34.374696	0.487267	0.634158	276	21.866827	0.516781	0.947896	14.784363	0.804722	0.343050	-2.301186	0.102860	-5.039531	-0.078059	True	0.589239	30.745884	0.819153	28.674967	0.505321	0.684226	0.605148	31.052905	0.997862	UIT_12_y256x0
UIT_12_y256x256.png	0.482501	0.814631	0.897848	0.848483	0.953312	0.992243	27.319158	0.991290	28.064005	0.514982	0.808407	0.809309	26.994700	0.719964	13138	21	5	40	72	1.921182	0.238095	406	390	1999.008368	3.587574	0.000000	0.000061	-3.859400	-0.004758	-0.004548	0.003538	4502.603292	0.514982	0.514982	21	5	16	40	72	1.921182	0.238095	21	6	406	390	294	5.125662	3.587574	1999.008368	0.000000	46583	3.545669	4.988278	256x256	65536	dense	Learned	1681	21	78	12753	33.160468	0.886040	31.206319	0.995838	0.511445	0.406698	156	275	0.000000	79	12368	35.925531	0.939277	0.998122	34.652481	0.367856	0.509672	247	16.842150	0.371281	0.885043	12.304199	0.781288	0.260926	-3.142314	0.401709	-6.165768	-0.166076	True	0.482667	27.000191	0.720036	28.071659	0.707499	0.572585	0.482440	31.178558	0.997002	UIT_12_y256x256
UIT_12_y256x512.png	0.560176	0.821105	0.901766	0.877053	0.927912	0.991177	28.031577	0.992028	29.053387	0.605570	0.547940	0.868766	29.744178	0.715468	8437	32	3	22	82	1.823708	0.093750	329	300	1474.751442	3.544619	0.000000	0.037406	-2.956401	-0.004823	-0.003020	0.046531	2697.194576	0.605570	0.605570	32	3	29	22	82	1.823708	0.093750	33	3	329	300	225	4.915838	3.544619	1474.751442	0.000000	45138	5.350006	7.767690	256x256	65536	sparse	Learned	897	33	71	8409	33.295079	0.835302	30.969117	0.995048	0.559039	0.371369	152	186	0.000000	74	8190	34.477390	0.882118	0.996600	32.546973	0.327669	0.548509	246	21.302812	0.499557	0.923597	16.157287	0.789864	0.279444	-1.915730	0.176571	-3.550901	-0.119835	True	0.559025	29.741488	0.715446	29.058192	0.604129	0.524847	0.522770	30.987979	0.996000	UIT_12_y256x512
UIT_12_y256x768.png	0.500514	0.831873	0.908222	0.884615	0.933122	0.994571	28.659944	0.993558	29.351241	0.512668	0.813626	1.084916	32.526039	0.852735	6502	10	1	18	36	1.907216	0.100000	194	185	947.808225	3.735587	0.000000	-0.031672	-2.896815	-0.002940	-0.002725	-0.029207	2605.441332	0.512668	0.512668	10	1	9	18	36	1.907216	0.100000	10	1	194	185	140	5.123288	3.735587	947.808225	0.000000	40232	6.187635	10.079360	256x256	65536	dense	Learned	900	10	76	6263	36.647743	0.909707	31.554664	0.996283	0.541875	0.319185	112	112	0.000000	84	6056	38.865141	0.928171	0.998624	36.029262	0.331958	0.544947	344	27.746763	0.753088	0.969980	20.389497	0.993526	0.407651	-2.203423	0.494441	-4.121703	-0.056972	True	0.499658	32.539550	0.853231	29.359505	0.821908	0.891701	0.532187	31.556760	0.997511	UIT_12_y256x768
UIT_12_y512x0.png	0.699747	0.866010	0.928194	0.953953	0.903790	0.994026	27.125589	0.996136	28.707301	0.680078	0.969316	0.889608	31.256398	0.867313	6669	5	3	25	29	1.979798	0.600000	198	196	990.778787	3.732585	0.000000	-0.034341	-4.374379	-0.003773	-0.001829	-0.025281	2375.147581	0.680078	0.680078	5	3	2	25	29	1.979798	0.600000	5	3	198	196	144	5.054994	3.732585	990.778787	0.000000	39683	5.950367	9.826961	256x256	65536	dense	Learned	864	5	77	6625	36.846317	0.923842	31.496234	0.997965	0.705359	0.677684	18	26	0.000000	84	6304	39.389540	0.939570	0.999287	36.172322	0.677428	0.701243	271	22.616029	0.608657	0.955868	14.949235	0.986700	0.418183	-2.788934	0.291632	-5.589919	-0.056529	True	0.700446	31.263560	0.868063	28.713599	0.968444	0.861536	0.734088	31.499968	0.997799	UIT_12_y512x0
UIT_12_y512x256.png	0.637909	0.821544	0.902030	0.915611	0.888847	0.986399	24.871560	0.993751	27.752364	0.635946	0.755585	1.208889	27.786733	0.754251	9570	18	9	43	62	1.941748	0.500000	309	300	1452.680374	3.904597	0.000000	0.010833	-5.453688	-0.009852	-0.002742	0.019320	2686.302900	0.635946	0.635946	18	9	9	43	62	1.941748	0.500000	18	9	309	300	204	4.842268	3.904597	1452.680374	0.000000	45594	4.764263	6.848067	256x256	65536	dense	Learned	1073	18	73	9270	33.479134	0.870738	30.291320	0.996493	0.616626	0.493172	48	47	0.000000	78	9506	35.728780	0.912699	0.998377	33.795371	0.418384	0.614414	248	18.121751	0.464012	0.928993	12.656768	0.804070	0.416820	-2.538956	0.262413	-5.692402	-0.116487	True	0.637951	27.781172	0.754156	27.770927	0.596503	0.721106	0.627076	30.325249	0.996250	UIT_12_y512x256
UIT_12_y512x512.png	0.498914	0.797087	0.887088	0.842827	0.936255	0.992106	27.053580	0.990359	28.079087	0.537234	0.759214	0.968827	26.710501	0.679398	13091	25	7	41	77	1.914894	0.280000	423	405	2117.393144	3.569497	0.000000	0.018987	-3.992113	-0.004846	-0.005017	0.020784	3364.301682	0.537234	0.537234	25	7	18	41	77	1.914894	0.280000	26	7	423	405	305	5.228131	3.569497	2117.393144	0.000000	47092	3.597281	5.006187	256x256	65536	dense	Learned	1635	26	77	12880	32.560918	0.872249	31.089498	0.995377	0.516450	0.342226	199	257	0.000000	78	12812	35.332629	0.937876	0.997683	34.051614	0.316939	0.515586	246	17.801505	0.396639	0.907942	13.839130	0.946781	0.309443	-3.010411	0.416987	-5.850417	-0.192851	True	0.498791	26.709934	0.679385	28.093830	0.698404	0.676632	0.479927	31.045692	0.996952	UIT_12_y512x512
UIT_12_y512x768.png	0.642740	0.865122	0.927684	0.929891	0.925487	0.993126	28.422797	0.994341	29.183078	0.666630	0.629515	0.901571	32.125932	0.836029	7154	16	2	13	41	1.858586	0.125000	198	184	944.979797	3.800319	0.000000	0.071010	-3.247425	-0.004082	-0.002617	0.083482	3027.737856	0.666630	0.666630	16	2	14	13	41	1.858586	0.125000	17	2	198	184	144	5.135760	3.800319	944.979797	0.000000	41650	5.821918	9.160749	256x256	65536	dense	Learned	998	17	76	6918	36.145906	0.901146	31.649143	0.996958	0.583148	0.408163	84	127	0.000000	83	7014	38.367891	0.927137	0.998717	35.662183	0.316645	0.582621	278	23.892052	0.632602	0.955755	17.231023	1.000000	0.333816	-2.466065	0.221352	-4.019974	-0.065117	True	0.642515	32.134838	0.836387	29.188302	0.664376	0.598982	0.571730	31.670222	0.997208	UIT_12_y512x768
UIT_12_y768x256.png	0.653365	0.740118	0.850652	0.917623	0.792793	0.998712	28.556520	0.999397	28.710502	0.838800	0.686514	1.361891	38.612681	0.909395	1538	2	0	1	5	1.840000	0.000000	25	23	129.740115	4.196732	0.000000	-0.025379	-1.270709	-0.000624	-0.000073	-0.029799	1484.624624	0.838800	0.838800	2	0	2	1	5	1.840000	0.000000	2	0	25	23	19	5.640875	4.196732	129.740115	0.000000	33945	22.070871	42.611183	256x256	65536	sparse	Learned	218	2	45	1535	39.418913	0.910969	29.459774	0.999471	0.868599	0.770075	2	3	0.000000	81	1402	40.306178	0.917322	0.999829	34.455243	0.700807	0.861057	5725	42.053698	0.940627	0.999973	42.358306	0.595458	0.855199	-0.749272	-0.083561	-0.806232	-0.001574	True	0.653876	38.647519	0.910152	28.718259	0.444563	0.605446	0.678744	29.827229	0.999336	UIT_12_y768x256
UIT_12_y768x512.png	0.535924	0.849860	0.918837	0.920840	0.916842	0.993235	27.176736	0.994631	28.532340	0.545182	0.694356	0.952709	29.992485	0.815511	7485	15	2	21	47	1.874396	0.133333	207	194	1004.406204	3.910597	0.000000	-0.028282	-3.857363	-0.004010	-0.002337	-0.017182	2790.159464	0.545182	0.545182	15	2	13	21	47	1.874396	0.133333	15	2	207	194	139	5.177352	3.910597	1004.406204	0.000000	40946	5.470407	8.755645	256x256	65536	dense	Learned	925	15	75	7260	35.319487	0.898771	31.060777	0.996967	0.562364	0.565276	46	105	0.000000	81	7054	37.551852	0.923814	0.998675	34.768982	0.507231	0.561307	278	21.982735	0.542961	0.955453	16.155311	0.905106	0.406484	-2.528438	0.129080	-5.327002	-0.083260	True	0.535775	29.992157	0.815860	28.537397	0.711699	0.678042	0.564205	31.034099	0.997244	UIT_12_y768x512
UIT_12_y768x768.png	0.624643	0.849991	0.918913	0.918538	0.919289	0.993886	28.470766	0.994316	29.250756	0.661340	0.515329	0.974593	33.070672	0.859834	4744	14	0	5	33	1.776000	0.000000	125	111	567.144228	3.902072	0.000000	-0.027290	-2.507263	-0.002852	-0.001987	-0.016360	2773.195744	0.661340	0.661340	14	0	14	5	33	1.776000	0.000000	14	0	125	111	87	5.109407	3.902072	567.144228	0.000000	39525	8.331577	13.814503	256x256	65536	sparse	Learned	571	14	70	4685	36.925000	0.901214	30.913330	0.996302	0.677700	0.341826	35	18	0.000000	81	4286	38.216905	0.910636	0.998459	34.867094	0.357036	0.669338	409	30.252409	0.812462	0.986292	23.187800	0.708437	0.527715	-1.662574	0.173504	-3.854328	-0.041380	True	0.624265	33.060181	0.859985	29.254737	0.525859	0.512498	0.651933	30.978029	0.996738	UIT_12_y768x768
UIT_20_y0x256.png	0.479259	0.682848	0.811538	0.718502	0.932253	0.998251	28.083998	0.997625	28.161609	0.691892	0.576838	1.178937	34.806337	0.773213	1292	2	0	1	5	1.809524	0.000000	21	19	100.154329	4.105532	0.000000	0.091037	0.224077	-0.000057	0.000254	0.180460	1227.374554	0.691892	0.691892	2	0	2	1	5	1.809524	0.000000	2	0	21	19	15	5.271280	4.105532	100.154329	0.000000	40159	31.082817	50.724458	256x256	65536	sparse	Learned	188	2	21	1255	35.099073	0.774264	27.982186	0.997370	0.511432	0.567054	7	5	0.000000	61	1254	35.871998	0.803260	0.998699	30.551348	0.305698	0.519193								0.179423	0.009784	-0.292735	-0.001052	True	0.480531	34.812940	0.773471	28.159635	0.432586	0.509992	0.388221	27.859921	0.998308	UIT_20_y0x256
UIT_20_y0x512.png	0.497551	0.751199	0.857926	0.899098	0.820359	0.997352	26.359891	0.998209	26.152002	0.567002	0.340320	1.434033	34.099702	0.771670	1839	5	0	1	11	1.655172	0.000000	29	24	115.568542	4.615489	0.000000	0.000483	0.015605	-0.000527	0.000009	-0.001865	1674.892426	0.567002	0.567002	5	0	5	1	11	1.655172	0.000000	5	0	29	24	17	4.815356	4.615489	115.568542	0.000000	40785	22.177814	35.636759	256x256	65536	sparse	Learned	229	5	29	1766	34.805599	0.788945	25.961214	0.998199	0.568867	0.365552	4	2	0.000000	65	1834	35.767025	0.807698	0.999267	31.089186	0.251736	0.574104	5062	36.966509	0.852406	0.999812	37.943239	0.277989	0.574694	0.190788	-0.025232	-0.705897	-0.017275	True	0.498597	34.113671	0.771871	26.157077	0.312711	0.448437	0.497067	26.344286	0.997879	UIT_20_y0x512
UIT_20_y0x768.png	0.474287	0.779074	0.875820	0.906225	0.847388	0.992913	27.261209	0.993835	27.801409	0.452809	0.348189	1.398379	33.452558	0.756626	2270	10	0	2	22	1.649123	0.000000	57	47	238.793939	4.249895	0.000000	0.019612	-0.686472	-0.001012	-0.000145	0.022659	1642.841101	0.452809	0.452809	10	0	10	2	22	1.649123	0.000000	10	0	57	47	33	5.080722	4.249895	238.793939	0.000000	40976	18.051101	28.870485	256x256	65536	sparse	Learned	276	10	34	2171	34.251703	0.790313	27.835444	0.993980	0.430150	0.308364	69	48	0.000000	61	2180	35.135569	0.815346	0.996869	30.255684	0.277378	0.443573	3945	36.102928	0.833932	0.998979	35.094500	0.189496	0.419267	-0.034035	0.039824	-0.799145	-0.033686	True	0.473310	33.459304	0.756844	27.803294	0.473878	0.662661	0.454674	27.947681	0.993925	UIT_20_y0x768
UIT_20_y256x0.png	0.225653	0.534247	0.696429	0.750000	0.650000	0.998757	27.769903	0.999284	27.790425	0.263736	0.362372	0.660689	35.647620	0.782290	976	2	0	0	4	1.636364	0.000000	11	9	49.627417	3.012906	0.000000						917.971611	0.263736	0.263736	2	0	2	0	4	1.636364	0.000000	2	0	11	9	7	5.514157	3.012906	49.627417	0.000000	39644	40.618852	67.147541	256x256	65536	sparse	Learned	157	2												57	926	36.102657	0.801969	0.999440	30.491179	0.393469	0.272480												True	0.225653	35.656229	0.782530	27.780974	0.223791	0.147856				UIT_20_y256x0
UIT_20_y256x256.png	0.568741	0.843601	0.915167	0.914126	0.916209	0.987746	24.576839	0.988173	25.098229	0.582540	0.728748	0.578976	27.037000	0.630945	9363	17	3	22	50	1.888446	0.176471	251	237	1272.283405	3.882814	0.000000	0.023981	-2.572823	-0.005674	-0.004630	0.035268	2681.721449	0.582540	0.582540	17	3	14	22	50	1.888446	0.176471	17	3	251	237	179	5.368284	3.882814	1272.283405	0.000000	48685	5.199722	6.999466	256x256	65536	dense	Learned	1116	17	63	9200	30.340961	0.807593	27.159044	0.992803	0.547272	0.334224	197	309	0.000000	57	9198	32.325340	0.873227	0.996241	30.158500	0.286735	0.541866	246	17.878130	0.340099	0.921657	12.857281	0.897716	0.291528	-2.060814	0.394524	-3.303961	-0.176648	True	0.567896	27.037519	0.631035	25.099367	0.867345	0.502172	0.544760	27.149662	0.993419	UIT_20_y256x256
UIT_20_y256x512.png	0.642606	0.814904	0.898013	0.853953	0.946868	0.986508	23.924798	0.985862	24.852417	0.654787	0.816739	0.570132	24.963741	0.576698	11952	19	3	35	67	1.915119	0.157895	377	361	1815.947402	3.853664	0.000000	0.052342	-3.069104	-0.006840	-0.005740	0.055810	4674.778461	0.654787	0.654787	19	3	16	35	67	1.915119	0.157895	19	3	377	361	275	5.030325	3.853664	1815.947402	0.000000	50525	4.227326	5.483266	256x256	65536	sparse	Learned	1265	19	64	11804	28.949048	0.814429	27.074774	0.991601	0.598977	0.232473	358	308	0.000000	54	11922	31.728143	0.905512	0.996251	30.661466	0.214736	0.587084	248	16.353945	0.283556	0.903316	12.424272	0.981562	0.309176	-2.222357	0.584266	-3.985306	-0.237731	True	0.642823	24.966089	0.576763	24.857595	0.769027	0.438447	0.590264	26.993902	0.993348	UIT_20_y256x512
UIT_20_y256x768.png	0.601783	0.858675	0.923964	0.910584	0.937744	0.982908	24.960820	0.982157	25.418210	0.622117	0.805743	0.499267	27.588976	0.646762	9548	14	7	30	45	1.947368	0.500000	266	259	1285.631601	4.221035	0.000000	-0.007845	-3.129133	-0.008854	-0.008263	-0.000735	3586.927891	0.622117	0.622117	14	7	7	30	45	1.947368	0.500000	14	7	266	259	191	4.963829	4.221035	1285.631601	0.000000	47283	4.952137	6.863846	256x256	65536	dense	Learned	1216	14	68	9406	31.399680	0.820975	28.075183	0.990420	0.622853	0.333023	164	267	0.000000	68	9282	33.640604	0.880799	0.995705	31.536847	0.244502	0.618644	244	19.317095	0.369778	0.924478	15.155358	0.880567	0.371683	-2.656973	0.472719	-3.810704	-0.174213	True	0.602808	27.591109	0.646759	25.424001	0.864213	0.431473	0.609628	28.089953	0.991762	UIT_20_y256x768
UIT_20_y512x0.png	0.689276	0.853758	0.921110	0.903561	0.939355	0.991586	24.726948	0.990799	25.047877	0.722672	0.685467	0.909100	28.709967	0.697745	7079	12	0	9	33	1.849057	0.000000	159	147	807.506709	4.381170	0.000000	0.056142	-1.812019	-0.003127	-0.002796	0.075321	2804.174662	0.722672	0.722672	12	0	12	9	33	1.849057	0.000000	12	0	159	147	117	5.493243	4.381170	807.506709	0.000000	46654	6.590479	9.257805	256x256	65536	dense	Learned	863	12	59	6918	31.431947	0.819065	26.550042	0.993596	0.647351	0.338879	110	127	0.000000	62	6916	33.381546	0.855603	0.997445	30.608940	0.299871	0.631408	266	19.765423	0.464920	0.934433	12.934816	0.761885	0.322692	-1.502165	0.346588	-2.721980	-0.121320	True	0.690621	28.712183	0.697888	25.052565	0.696480	0.633170	0.633134	26.538967	0.994712	UIT_20_y512x0
UIT_20_y512x256.png	0.625681	0.818081	0.899939	0.938618	0.864322	0.986663	24.801956	0.989875	25.427670	0.670066	0.746980	0.695219	27.660928	0.635574	8498	14	3	19	41	1.897674	0.214286	215	204	1112.957503	4.145542	0.000000	0.006080	-2.322890	-0.005944	-0.003357	0.024908	3137.274742	0.670066	0.670066	14	3	11	19	41	1.897674	0.214286	14	3	215	204	155	5.455674	4.145542	1112.957503	0.000000	47440	5.582490	7.711932	256x256	65536	dense	Learned	1048	14	61	8369	30.546066	0.796615	27.056716	0.993232	0.645158	0.302542	128	148	0.000000	55	8126	32.307477	0.853238	0.996425	30.197659	0.237207	0.628328	245	18.381455	0.361031	0.917609	12.730502	0.758286	0.287915	-1.629046	0.444438	-2.885138	-0.161041	True	0.625162	27.659116	0.635545	25.428810	0.772666	0.537172	0.619601	27.124847	0.992607	UIT_20_y512x256
UIT_20_y512x512.png	0.552658	0.822063	0.902343	0.915510	0.889550	0.993222	24.949692	0.994165	25.374930	0.539227	0.852412	0.642047	30.096281	0.730739	4755	6	1	10	20	1.921875	0.166667	128	123	659.712770	3.876953	0.000000	-0.020444	-1.552905	-0.002527	-0.001357	-0.017092	1883.718491	0.539227	0.539227	6	1	5	10	20	1.921875	0.166667	6	1	128	123	98	5.363518	3.876953	659.712770	0.000000	43408	9.128917	13.782545	256x256	65536	sparse	Learned	518	6	52	4720	32.568664	0.812263	26.493873	0.995522	0.556319	0.419956	43	54	0.000000	65	4706	34.480528	0.838610	0.998048	31.021690	0.312176	0.548440	407	28.374733	0.678284	0.986612	20.930715	0.832706	0.500897	-1.118943	0.432456	-2.472383	-0.081524	True	0.552497	30.093204	0.730749	25.382718	0.834701	0.535917	0.573102	26.502597	0.995748	UIT_20_y512x512
UIT_20_y512x768.png	0.095424	0.162725	0.279902	0.679842	0.176230	0.995736	33.063472	0.999120	33.724473	0.027577	0.185353	1.756507	36.253161	0.797507	796	4	0	0	8	1.428571	0.000000	14	10	44.041631	2.045977	0.000000						698.519707	0.027577	0.027577	4	0	4	0	8	1.428571	0.000000	4	0	14	10	6	4.404163	2.045977	44.041631	0.000000	39026	49.027638	82.331658	256x256	65536	sparse	Learned	145	4												59	762	36.573005	0.811531	0.999101	33.538906	0.215442	0.027927												True	0.102358	36.263407	0.797741	33.732968	0.377078	0.662339				UIT_20_y512x768
UIT_20_y768x0.png	0.632014	0.775591	0.873614	0.867841	0.879464	0.995855	26.415084	0.996124	26.722854	0.756538	0.827955	0.636846	33.434196	0.756038	2477	3	2	6	8	1.964286	0.666667	56	55	306.492424	4.081885	0.000000	0.000508	-0.540166	-0.000931	-0.000167	0.018111	1742.486477	0.756538	0.756538	3	2	1	6	8	1.964286	0.666667	3	2	56	55	42	5.572590	4.081885	306.492424	0.000000	41396	16.712152	26.457812	256x256	65536	sparse	Learned	319	3	37	2411	34.259395	0.791779	26.878141	0.996291	0.738428	0.379913	19	9	0.000000	62	2278	35.114570	0.803748	0.998210	30.364592	0.226742	0.682263	3648	35.703670	0.816884	0.999435	35.465192	0.204839	0.693739	-0.155287	0.448043	-0.825198	-0.035741	True	0.630312	33.437954	0.756151	26.726917	0.850431	0.541594	0.631506	26.955250	0.996786	UIT_20_y768x0
UIT_33_y0x256.png	0.634056	0.816057	0.898713	0.943781	0.857753	0.994658	26.565176	0.995847	28.247615	0.619243	0.904821	0.703370	30.843134	0.855648	5434	5	4	17	20	1.985816	0.800000	141	140	663.457936	4.324398	0.000000	-0.016004	-4.010204	-0.002902	-0.001690	-0.003393	3297.281504	0.619243	0.619243	5	4	1	17	20	1.985816	0.800000	5	3	141	140	104	4.738985	4.324398	663.457936	0.000000	39109	7.197092	12.060361	256x256	65536	dense	Learned	768	5	72	5271	36.386432	0.904711	30.492726	0.997537	0.622636	0.464480	31	27	0.000000	83	5422	38.775610	0.921103	0.999269	35.623689	0.433445	0.621071	410	29.540971	0.817765	0.987416	22.248285	0.794847	0.566440	-2.245111	0.440342	-5.543298	-0.049063	True	0.634453	30.847476	0.856054	28.249692	0.928066	0.652773	0.650060	30.575380	0.997560	UIT_33_y0x256
UIT_33_y0x512.png	0.486736	0.837004	0.911271	0.899172	0.923700	0.989238	28.044243	0.988513	29.169646	0.499424	0.854124	1.181883	31.272474	0.817400	6072	8	1	15	29	1.919075	0.125000	173	166	855.369624	4.835497	0.000000	-0.034162	-2.991879	-0.004671	-0.004091	-0.032466	3049.542665	0.499424	0.499424	8	1	7	15	29	1.919075	0.125000	8	1	173	166	129	5.152829	4.835497	855.369624	0.000000	41441	6.824934	10.793149	256x256	65536	dense	Learned	819	8	72	5909	35.643620	0.891910	31.066490	0.992604	0.531890	0.697257	39	130	0.000000	81	6038	37.664719	0.916271	0.996931	34.681942	0.570569	0.533048	343	27.758476	0.713544	0.973109	22.724492	0.953579	0.471334	-1.896844	0.156867	-4.371146	-0.074510	True	0.486082	31.262969	0.817558	29.179001	0.839051	0.991660	0.520897	31.036123	0.993908	UIT_33_y0x512
UIT_33_y256x0.png	0.725931	0.870585	0.930816	0.963697	0.900104	0.996087	27.811760	0.997568	28.964566	0.740407	0.438607	0.859177	35.208367	0.895896	3970	14	1	8	34	1.757009	0.071429	107	94	498.114790	3.268893	0.000000	-0.024240	-3.361770	-0.002184	-0.000916	-0.002941	1887.799978	0.740407	0.740407	14	1	13	8	34	1.757009	0.071429	15	1	107	94	65	5.299094	3.268893	498.114790	0.000000	37135	9.353904	16.507809	256x256	65536	sparse	Learned	440	15	69	3886	38.150250	0.920495	31.103958	0.998484	0.743348	0.483149	15	5	0.000000	83	3672	39.651778	0.926917	0.999385	35.521515	0.348189	0.733240	536	32.827899	0.825397	0.993046	24.341307	0.423494	0.664837	-2.139392	-0.044542	-2.941883	-0.024598	True	0.725552	35.218898	0.896707	28.975570	0.516234	0.443537	0.750171	31.173530	0.998271	UIT_33_y256x0
UIT_33_y256x256.png	0.700342	0.799660	0.888679	0.824377	0.963861	0.991602	26.504637	0.990230	27.890433	0.731624	0.819412	0.969343	25.211930	0.719107	14791	26	7	52	90	1.927894	0.269231	527	508	2531.157646	3.689343	0.000000	0.045551	-4.577345	-0.005491	-0.005156	0.024278	5951.505661	0.731624	0.731624	26	7	19	52	90	1.927894	0.269231	26	8	527	508	385	4.982594	3.689343	2531.157646	0.000000	48085	3.250963	4.430803	256x256	65536	sparse	Learned	1648	26	78	14490	32.618437	0.904163	31.177052	0.995386	0.707346	0.447951	136	213	0.000000	79	14016	35.804970	0.952573	0.998155	35.053294	0.419651	0.702674	247	15.183627	0.287793	0.850414	11.303878	0.954194	0.309107	-3.286619	0.371462	-7.406507	-0.185056	True	0.700604	25.216743	0.719106	27.904113	0.692721	0.671484	0.654791	31.081982	0.997094	UIT_33_y256x256
UIT_33_y256x512.png	0.414441	0.725810	0.841124	0.935272	0.764197	0.988655	25.460135	0.993069	28.184489	0.375419	0.628423	1.148295	28.758367	0.708418	6608	14	1	11	37	1.837500	0.071429	160	147	776.097546	4.202929	0.000000	-0.009941	-4.445717	-0.005519	-0.001961	0.002670	3486.718178	0.375419	0.375419	14	1	13	11	37	1.837500	0.071429	14	1	160	147	112	5.279575	4.202929	776.097546	0.000000	45316	6.857748	9.917676	256x256	65536	dense	Learned	908	14	65	6601	32.987591	0.827047	29.793834	0.995029	0.372749	0.423718	95	116	0.000000	70	6560	34.348540	0.871735	0.997200	31.972064	0.351284	0.362730	276	23.292728	0.578704	0.968812	16.605146	0.937651	0.304507	-1.609345	0.204705	-4.229224	-0.118629	True	0.414660	28.762510	0.708514	28.187634	0.595862	0.684226	0.424382	29.905851	0.994174	UIT_33_y256x512
UIT_33_y512x0.png	0.753893	0.852520	0.920389	0.971549	0.874348	0.996594	27.967451	0.997767	28.950296	0.779630	0.630277	0.951749	38.000582	0.920812	2094	4	3	7	9	1.959184	0.750000	49	48	224.509668	4.195885	0.000000	-0.002152	-2.342040	-0.001509	-0.000631	0.006756	1812.387466	0.779630	0.779630	4	3	1	7	9	1.959184	0.750000	4	3	49	48	33	4.677285	4.195885	224.509668	0.000000	33469	15.983286	31.297039	256x256	65536	sparse	Learned	263	4	59	2094	39.610467	0.922778	30.147944	0.998398	0.772874	0.576838	4	0	0.500000	84	2036	41.278056	0.935254	0.999596	36.056551	0.560825	0.768103	4279	41.832639	0.930817	0.999889	41.478821	0.583832	0.770009	-1.197647	0.053439	-1.609885	-0.001966	True	0.752809	38.013432	0.921942	28.966621	0.642993	0.611968	0.756045	30.309490	0.998103	UIT_33_y512x0
UIT_33_y512x256.png	0.648676	0.844664	0.915792	0.892598	0.940223	0.992153	27.244294	0.992593	28.053518	0.690029	0.760092	0.922594	27.023812	0.774963	13276	22	4	38	74	1.911111	0.181818	405	387	1948.983982	3.664403	0.000000	0.019939	-4.524243	-0.005235	-0.004309	0.020569	4389.387846	0.690029	0.690029	22	4	18	38	74	1.911111	0.181818	24	4	405	387	293	5.036134	3.664403	1948.983982	0.000000	46452	3.498945	4.936427	256x256	65536	dense	Learned	1714	24	80	13208	33.996709	0.907385	31.743861	0.996902	0.669460	0.513599	83	138	0.000000	81	12750	36.748379	0.948855	0.998633	35.281408	0.476954	0.671429	246	15.816338	0.361471	0.846813	10.730355	0.896170	0.286085	-3.690343	0.246493	-6.972897	-0.132422	True	0.648626	27.030161	0.775134	28.060645	0.762875	0.703824	0.628737	31.768537	0.997388	UIT_33_y512x256
UIT_33_y512x512.png	0.575317	0.770438	0.870336	0.935432	0.813710	0.988636	26.921475	0.990953	29.133387	0.641471	0.680980	0.692986	32.219870	0.781390	3808	8	3	10	20	1.908257	0.375000	109	104	512.060967	4.929181	0.000000	0.006913	-3.430203	-0.004154	-0.001817	0.052215	2767.625332	0.641471	0.641471	8	3	5	10	20	1.908257	0.375000	8	3	109	104	79	4.923663	4.929181	512.060967	0.000000	42050	11.042542	17.210084	256x256	65536	sparse	Learned	437	8	55	3770	34.811875	0.832674	30.086101	0.992770	0.589256	0.435059	29	19	0.000000	70	3780	35.580480	0.858117	0.995775	31.937007	0.242758	0.584429	537	32.711369	0.771087	0.986698	27.070142	0.509583	0.575951	-0.952713	0.245920	-2.592005	-0.051284	True	0.575516	32.222679	0.781614	29.137834	0.607694	0.421124	0.568405	30.351678	0.992791	UIT_33_y512x512
UIT_33_y768x256.png	0.683825	0.895243	0.944727	0.950549	0.938976	0.994972	27.502778	0.995637	28.439434	0.713313	0.748002	1.065932	30.736656	0.853763	6904	12	4	17	33	1.915344	0.333333	189	181	937.465079	3.704554	0.000000	0.019622	-3.525425	-0.002739	-0.001920	0.033827	2593.809605	0.713313	0.713313	12	4	8	17	33	1.915344	0.333333	12	4	189	181	139	5.179365	3.704554	937.465079	0.000000	40239	5.828360	9.492468	256x256	65536	dense	Learned	872	12	76	6788	36.222594	0.915478	31.024974	0.997557	0.679486	0.487529	47	78	0.000000	83	6528	38.533663	0.931767	0.999158	35.633408	0.432281	0.681070	278	21.557345	0.493070	0.952436	14.787112	0.867874	0.398346	-2.585540	0.260473	-5.485938	-0.061714	True	0.683032	30.747143	0.854127	28.448615	0.690253	0.735763	0.664203	31.028204	0.997711	UIT_33_y768x256
UIT_33_y768x512.png	0.637152	0.794560	0.885521	0.894578	0.876646	0.992107	26.153357	0.994021	28.437422	0.643413	0.873954	0.952787	29.307795	0.823350	7475	9	1	18	34	1.925926	0.111111	216	208	1051.577777	4.035609	0.000000	-0.009660	-4.773073	-0.004690	-0.002559	0.008463	3111.543894	0.643413	0.643413	9	1	8	18	34	1.925926	0.111111	9	2	216	208	164	5.055662	4.035609	1051.577777	0.000000	42793	5.724816	8.767358	256x256	65536	dense	Learned	964	9	74	7437	35.156868	0.904654	30.910468	0.996579	0.634950	0.521366	44	61	0.000000	81	7098	37.401426	0.925639	0.998604	34.777276	0.365588	0.629488	279	20.570116	0.531040	0.947835	14.367319	0.952799	0.387093	-2.473045	0.352589	-5.849073	-0.081304	True	0.636856	29.321207	0.823727	28.452134	0.787262	0.750093	0.646812	30.926430	0.996797	UIT_33_y768x512
UIT_3_y0x256.png	0.700915	0.839738	0.912889	0.989057	0.847613	0.991772	23.405348	0.995283	24.586032	0.671754	0.867345	0.655973	30.031630	0.683639	3982	5	3	10	14	1.964286	0.600000	112	110	569.688384	3.925120	0.000000	-0.011722	-1.676522	-0.002368	-0.000505	-0.026565	2078.745365	0.671754	0.671754	5	3	2	10	14	1.964286	0.600000	5	3	112	110	88	5.178985	3.925120	569.688384	0.000000	44558	11.189854	16.458061	256x256	65536	sparse	Learned	490	5	40	3933	31.877337	0.768833	24.931563	0.995788	0.698319	0.448043	28	38	0.000000	55	3844	33.461448	0.782025	0.998509	29.775562	0.347240	0.684189	541	29.790123	0.671088	0.990953	21.896616	0.836018	0.692872	-0.345531	0.419301	-1.845707	-0.085194	True	0.701607	30.030571	0.683845	24.589737	0.913274	0.599083	0.712637	25.081870	0.994140	UIT_3_y0x256
UIT_3_y0x512.png	0.694219	0.848847	0.918245	0.964242	0.876436	0.994872	23.156933	0.996859	24.555164	0.726597	0.694472	1.378316	29.667374	0.680715	3533	7	2	12	23	1.896907	0.285714	97	92	469.646753	3.782362	0.000000	-0.060858	-1.574795	-0.001698	-0.000007	-0.059384	1826.833010	0.726597	0.726597	7	2	5	12	23	1.896907	0.285714	7	2	97	92	62	5.104856	3.782362	469.646753	0.000000	44496	12.594396	18.549674	256x256	65536	sparse	Learned	387	7	35	3455	31.846997	0.758557	24.553816	0.996866	0.785982	0.400050	22	9	0.000000	52	3526	33.289024	0.772245	0.998919	29.251905	0.280010	0.751979	594	29.922965	0.676708	0.993476	21.736768	0.647428	0.756300	0.001348	0.294422	-2.179623	-0.077842	True	0.695764	29.682730	0.680809	24.560879	0.617872	0.851623	0.755076	24.731728	0.996570	UIT_3_y0x512
UIT_3_y256x256.png	0.699809	0.816543	0.899008	0.963357	0.842717	0.991286	23.281783	0.994623	24.066889	0.690084	0.592267	0.944125	28.479479	0.671368	5595	14	0	11	39	1.819355	0.000000	155	141	691.872150	3.560415	0.000000	-0.000447	-1.960732	-0.003234	-0.001165	0.010633	2849.419594	0.690084	0.690084	14	0	14	11	39	1.819355	0.000000	14	1	155	141	105	4.906895	3.560415	691.872150	0.000000	46068	8.233780	11.713315	256x256	65536	sparse	Learned	632	14	48	5583	31.087191	0.786130	25.064426	0.995789	0.679451	0.405889	58	64	0.000000	55	5284	32.939038	0.804975	0.998477	29.805290	0.303496	0.666481	344	24.026598	0.610358	0.974553	15.552848	0.979072	0.533996	-0.997537	0.186378	-2.607712	-0.114762	True	0.700301	28.480382	0.671446	24.067583	0.725479	0.684942	0.700256	25.242514	0.994520	UIT_3_y256x256
UIT_3_y256x512.png	0.645527	0.829718	0.906935	0.918881	0.895296	0.989423	22.963295	0.991086	24.357299	0.671127	0.722310	1.151696	26.062779	0.621493	8900	16	3	20	46	1.890756	0.187500	238	225	1139.163564	3.881680	0.000000	0.019695	-3.099232	-0.004680	-0.002758	0.050636	2919.920444	0.671127	0.671127	16	3	13	20	46	1.890756	0.187500	16	3	238	225	172	5.062949	3.881680	1139.163564	0.000000	49175	5.525281	7.363596	256x256	65536	dense	Learned	1085	16	57	8698	29.616430	0.800721	26.043557	0.993844	0.620491	0.319317	176	233	0.000000	51	8552	31.750889	0.857826	0.997186	29.615169	0.300933	0.601465	246	17.109175	0.316792	0.927117	11.317230	0.940095	0.324388	-1.686258	0.402993	-3.553652	-0.179228	True	0.645701	26.060689	0.621498	24.358459	0.714131	0.822462	0.625832	26.062527	0.994102	UIT_3_y256x512
UIT_3_y512x256.png	0.628277	0.825874	0.904634	0.931900	0.878918	0.986392	23.127719	0.989909	23.874150	0.631978	0.812764	0.863079	26.428291	0.660118	9668	13	5	33	50	1.938697	0.384615	261	253	1230.359523	4.030731	0.000000	-0.032114	-3.499368	-0.007950	-0.004798	-0.019935	4084.944487	0.631978	0.631978	13	5	8	33	50	1.938697	0.384615	13	6	261	253	178	4.863081	4.030731	1230.359523	0.000000	48890	5.056889	6.778651	256x256	65536	dense	Learned	1203	13	64	9603	30.492138	0.828947	26.549456	0.994707	0.651913	0.440760	119	282	0.000000	62	9548	33.035246	0.880819	0.997850	30.618672	0.415835	0.649799	250	17.416327	0.416955	0.927133	11.684751	0.990995	0.371467	-2.675306	0.372004	-4.063848	-0.168829	True	0.628251	26.428194	0.660221	23.880073	0.852412	0.735699	0.660391	26.627086	0.994342	UIT_3_y512x256
UIT_3_y512x512.png	0.287038	0.618640	0.764395	0.888821	0.670528	0.975904	24.040181	0.986549	25.509511	0.248571	0.695779	2.132603	26.801431	0.452068	4744	8	2	14	27	1.891892	0.250000	111	105	525.333044	4.752953	0.000000	-0.027885	-1.808514	-0.005918	0.000212	-0.014567	2936.377525	0.248571	0.248571	8	2	6	14	27	1.891892	0.250000	8	2	111	105	70	5.003172	4.752953	525.333044	0.000000	48543	10.232504	13.814503	256x256	65536	dense	Learned	603	8	33	4651	28.676056	0.634148	25.559007	0.986337	0.263138	0.389691	190	318	0.000000	29	4596	29.147939	0.696622	0.988338	26.130494	0.222572	0.258150	405	27.226060	0.437817	0.976630	23.573422	0.999992	0.249526	-0.049496	0.306088	-1.874625	-0.182080	True	0.286653	26.796770	0.452000	25.509840	0.467177	0.996302	0.314923	25.848695	0.981822	UIT_3_y512x512
UIT_3_y768x256.png	0.613854	0.662762	0.797182	0.960396	0.681385	0.996213	23.345991	0.998359	24.395097	0.544143	0.539296	1.200131	31.360267	0.670448	1806	4	0	1	9	1.800000	0.000000	40	36	167.982756	4.085712	0.000000	-0.020584	-0.732077	-0.000547	0.000263	0.008518	1383.142233	0.544143	0.544143	4	0	4	1	9	1.800000	0.000000	4	0	40	36	30	4.666188	4.085712	167.982756	0.000000	43323	23.988372	36.287929	256x256	65536	sparse	Learned	240	4	22	1768	31.985420	0.697999	23.727514	0.998096	0.535624	0.696791	6	10	0.000000	42	1800	33.121558	0.727312	0.999177	28.044139	0.394923	0.535188	4740	34.546571	0.781982	0.999862	36.081740	0.263981	0.546356	0.667583	-0.157495	-0.625153	-0.027551	True	0.614679	31.364495	0.670537	24.399741	0.778352	0.934125	0.634438	24.078068	0.996761	UIT_3_y768x256
UIT_3_y768x512.png	0.318257	0.449401	0.620120	0.900409	0.472908	0.986046	24.104765	0.993029	25.134121	0.170537	0.860543	1.272723	29.508044	0.565533	2093	2	4	12	9	2.070175	2.000000	57	59	222.438600	5.201883	0.000000	-0.066844	-1.169560	-0.000943	0.001895	-0.055570	1891.778708	0.170537	0.170537	2	4	-2	12	9	2.070175	2.000000	2	4	57	59	36	3.770146	5.201883	222.438600	0.000000	45352	21.668419	31.311992	256x256	65536	sparse	Learned	242	2	21	2045	30.235099	0.627068	24.639398	0.991135	0.226107	0.338024	99	95	0.000000	30	2010	30.773738	0.662314	0.994211	25.688058	0.251335	0.237209	4336	32.505372	0.730074	0.998691	31.805879	0.161181	0.233559	0.494723	0.522520	-0.727055	-0.061535	True	0.332631	29.507986	0.565529	25.134663	0.784185	0.998050	0.385101	25.274325	0.986989	UIT_3_y768x512
