7250
7252
7254
7258
7262
7266
7269
7273
7283
7285
7287
7291
7294
7298
7300
7306
7308
7315
7327
7329
7339
7355
7356
7359
7393
7396
7407
7412
7416
7418
7421
7423
7432
7434
7440
7458
7467
7469
7471
7475
7481
7487
7491
7493
7497
7499
7505
7511
7517
7528
7531
7540
7547
7554
7555
7569
7575
7577
7583
7588
7592
7594
7595
7601
7604
7610
7621
7626
7629
7632
7636
7638
7640
7645
7649
7657
7658
7661
7665
7667
7672
7677
7681
7682
7697
7700
7704
7705
7707
7708
7715
7717
7721
7725
7728
7730
7733
7741
7743
7746
7755
7756
7758
7773
7775
7781
7784
7794
7801
7803
7804
7807
7813
7817
7819
7825
7828
7830
7842
7848
7862
7864
7867
7873
7881
7885
7889
7890
7899
7902
7903
7904
7908
7910
7934
7935
7937
7939
7942
7954
7964
7966
7967
7970
7981
7984
7985
7987
7994
7998
