filename	gt_iou	seg_iou	seg_f1	seg_precision	seg_recall	gt_fg_ssim	gt_fg_psnr	ng_fg_ssim	ng_fg_psnr	ng_iou	ng_topo_q	topo_preservation	ng_psnr	ng_ssim	ng_bytes	graph_n_components	graph_n_cycles	graph_n_junctions	graph_n_endpoints	graph_mean_degree	graph_complexity	n_nodes	n_edges	total_edge_length	mean_width_px	mean_curvature	delta_gt_iou	delta_gt_fg_psnr	delta_gt_fg_ssim	delta_fg_ssim	delta_iou	total_time_ms	ng_recon_iou	ng_n_components	ng_n_cycles	ng_euler_characteristic	ng_n_junctions	ng_n_endpoints	ng_mean_degree	ng_graph_complexity	ng_seg_beta_0	ng_seg_beta_1	graph_n_nodes	graph_n_edges	graph_n_sampled	graph_mean_edge_length	graph_mean_width	graph_total_edge_length	graph_mean_curvature	png_bytes	ng_vs_png	ng_vs_raw	image_shape	image_pixels	image_type	segmenter	n_points	n_structures	jpeg_quality	jpeg_bytes	jpeg_psnr	jpeg_ssim	jpeg_fg_psnr	jpeg_fg_ssim	jpeg_iou	jpeg_topo_q	jpeg_beta_0	jpeg_beta_1	jpeg_betti_preservation	webp_quality	webp_bytes	webp_psnr	webp_ssim	webp_fg_ssim	webp_fg_psnr	webp_topo_q	webp_iou	jp2_bytes	jp2_psnr	jp2_ssim	jp2_fg_ssim	jp2_fg_psnr	jp2_topo_q	jp2_iou	delta_fg_psnr	delta_topo_q	delta_psnr	delta_ssim	gt_available	gt_topology_q	recon_topology_q	jpeg_gt_iou	jpeg_gt_fg_psnr	jpeg_gt_fg_ssim	stem
M1_001.png	0.077947	0.085115	0.156877	0.088001	0.721823	0.997676	25.636071	0.994268	35.516441	1.000000	1.000000	1.769898	27.426887	0.823085	148155	17	3466	6564	829	2.354598	203.882353	19453	22902	57346.435705	3.463169	0.112302	-0.008155	-16.005481	-0.002221	-0.004391	0.579797	150017.083645	0.421669	17	3466	-3449	6564	829	2.354598	203.882353	18	499	19453	22902	12060	2.503992	3.463169	57346.435705	0.112302	612767	4.135986	9.719550	1200x1200	1440000	sparse	Learned	19573	18	89	146381	45.456335	0.983393	42.794279	0.998659	0.420203	0.711090	610	644	0.000000	94	145310	46.355354	0.986021	0.998863	44.007638	0.666825	0.423328	5712	31.187232	0.802480	0.978718	28.095290	0.862916	0.365670	-7.277837	0.288910	-18.029448	-0.160308	True	0.426010	0.753994	0.086103	41.641552	0.999897	M1_001
M1_002.png	0.126066	0.137285	0.241426	0.142904	0.777357	0.998082	29.257553	0.995998	35.397597	1.000000	1.000000	1.312152	28.807646	0.871525	103960	19	2169	4196	588	2.328973	114.157895	13071	15221	39018.678847	3.378764	0.116498	-0.005911	-12.356954	-0.001766	-0.003047	0.547852	111621.314526	0.463320	19	2169	-2150	4196	588	2.328973	114.157895	26	313	13071	15221	8287	2.563477	3.378764	39018.678847	0.116498	531728	5.114736	13.851481	1200x1200	1440000	sparse	Learned	13191	26	87	99447	46.508988	0.981205	42.391371	0.999045	0.452148	0.612045	571	445	0.000000	94	99856	47.412766	0.984743	0.999193	43.934398	0.614382	0.459474	8647	35.648939	0.901646	0.990423	30.736089	0.717553	0.412496	-6.993775	0.387955	-17.701342	-0.109681	True	0.521479	0.684260	0.131976	41.614507	0.999848	M1_002
M1_003.png	0.063252	0.102494	0.185931	0.103758	0.893767	0.998723	25.926723	0.995748	35.085408	1.000000	1.000000	2.003408	28.935391	0.878015	105513	10	2428	4586	530	2.364651	242.800000	13262	15680	40001.648796	3.590325	0.115412	-0.013192	-15.317962	-0.001203	-0.003269	0.518647	116175.110340	0.440769	10	2428	-2418	4586	530	2.364651	242.800000	11	373	13262	15680	8146	2.551126	3.590325	40001.648796	0.115412	492678	4.669358	13.647607	1200x1200	1440000	sparse	Learned	13382	11	88	104746	46.653963	0.984265	42.436492	0.999017	0.481353	0.814637	397	682	0.000000	94	99596	47.566771	0.987218	0.999214	43.783469	0.756121	0.480861	8628	36.278903	0.914830	0.991135	31.439103	0.898701	0.448012	-7.351085	0.185363	-17.718572	-0.106251	True	0.473284	0.948181	0.076444	41.244685	0.999926	M1_003
M1_004.png	0.067513	0.077673	0.144150	0.079151	0.806196	0.998879	22.908197	0.996488	33.729433	1.000000	1.000000	2.031524	29.463748	0.856724	115911	7	2501	4766	566	2.363451	357.285714	13724	16218	41294.180855	3.415541	0.117329	-0.004533	-15.898580	-0.001074	-0.002569	0.470992	111361.407042	0.517392	7	2501	-2494	4766	566	2.363451	357.285714	8	373	13724	16218	8392	2.546194	3.415541	41294.180855	0.117329	593357	5.119074	12.423325	1200x1200	1440000	sparse	Learned	13844	8	87	112298	44.669013	0.980184	40.422146	0.999057	0.529008	0.790594	391	599	0.000000	93	113580	46.065762	0.983959	0.999340	42.635858	0.716089	0.528072	8626	35.186996	0.871454	0.992461	30.351739	0.887716	0.498487	-6.692713	0.209406	-15.205265	-0.123460	True	0.419258	0.851732	0.072046	38.806777	0.999953	M1_004
M1_005.png	0.053545	0.088026	0.161808	0.088438	0.949771	0.999500	32.285310	0.990262	34.414186	1.000000	1.000000	2.162681	28.453512	0.806587	92885	15	792	1614	313	2.201478	52.800000	7713	8490	21469.175282	10.063930	0.093141	0.002337	-4.935866	-0.000339	-0.004491	0.461537	249648.501396	0.559485	15	792	-777	1614	313	2.201478	52.800000	18	96	7713	8490	5786	2.528760	10.063930	21469.175282	0.093141	703734	7.576401	15.503041	1200x1200	1440000	sparse	Otsu	7833	18	73	90733	41.744603	0.968309	37.978355	0.994753	0.538463	0.955604	289	1265	0.000000	88	92654	42.355524	0.970214	0.995727	39.114192	0.939045	0.536387	10015	33.668960	0.856832	0.970649	29.226385	0.999629	0.532469	-3.564169	0.044396	-13.291090	-0.161722	True	0.462389	1.000000	0.051208	37.221176	0.999839	M1_005
M1_006.png	0.133289	0.119028	0.212734	0.123977	0.748855	0.997581	27.117691	0.995591	35.186399	1.000000	1.000000	1.016290	30.754618	0.871018	110887	11	2339	4479	589	2.334699	212.636364	13911	16239	41445.818366	3.441881	0.117753	-0.001312	-13.531074	-0.002217	-0.003250	0.541200	125858.830452	0.470187	11	2339	-2328	4479	589	2.334699	212.636364	13	337	13911	16239	8843	2.552240	3.441881	41445.818366	0.117753	592188	5.340464	12.986193	1200x1200	1440000	sparse	Learned	14031	13	87	106291	45.689048	0.980396	41.825818	0.998841	0.458800	0.529487	636	364	0.000000	94	110878	46.849302	0.984336	0.999161	43.808362	0.490831	0.456003	8561	35.997685	0.883685	0.990890	31.529969	0.592915	0.426625	-6.639418	0.470513	-14.934430	-0.109378	True	0.576536	0.585928	0.134601	40.648765	0.999798	M1_006
M1_007.png	0.034731	0.045210	0.086508	0.045405	0.913034	0.999648	23.887739	0.996945	33.035741	1.000000	1.000000	2.536252	28.557463	0.869952	105826	3	2403	4464	460	2.382806	801.000000	12539	14939	36650.708709	3.427535	0.106003	-0.002320	-14.471092	-0.000333	-0.002157	0.494094	116619.949818	0.498866	3	2403	-2400	4464	460	2.382806	801.000000	3	399	12539	14939	7615	2.453358	3.427535	36650.708709	0.106003	583599	5.514703	13.607242	1200x1200	1440000	sparse	Learned	12659	3	86	104228	44.371161	0.978453	39.570375	0.999102	0.505906	0.741441	285	299	0.000000	93	103468	46.140951	0.982022	0.999463	42.558279	0.669715	0.506331	8357	35.507449	0.873234	0.994081	29.979232	0.829110	0.485356	-6.534634	0.258559	-15.813699	-0.108500	True	0.325253	0.824924	0.037051	38.358831	0.999981	M1_007
M1_008.png	0.027698	0.042906	0.082281	0.043214	0.857464	0.998760	21.023894	0.995837	33.964413	1.000000	1.000000	3.198610	28.393612	0.825931	169384	10	3199	5948	668	2.267444	319.900000	23848	27037	51782.168835	3.102509	0.098075	-0.000966	-18.534305	-0.001215	-0.003105	0.551625	148150.135040	0.451601	10	3199	-3189	5948	668	2.267444	319.900000	14	502	23848	27037	17232	1.915234	3.102509	51782.168835	0.098075	699933	4.132226	8.501393	1200x1200	1440000	dense	Learned	24048	14	89	160826	43.777514	0.977647	40.796719	0.998943	0.448375	0.675443	767	1116	0.000000	93	157852	45.031775	0.980968	0.999252	42.761392	0.590528	0.447600	5520	31.433809	0.813968	0.985999	27.345865	0.982168	0.400476	-6.832306	0.324557	-15.383901	-0.151715	True	0.282911	0.904921	0.028664	39.558199	0.999975	M1_008
M1_009.png	0.059616	0.037382	0.072070	0.107520	0.054200	0.996097	25.585336	0.999781	31.568500	1.000000	0.853167	2.387634	23.683832	0.766012	11018	12	63	123	44	2.141667	5.250000	720	771	1413.782441	5.511670	0.071399						70719.066620	0.029589	12	63	-51	123	44	2.141667	5.250000	13	1	720	771	553	1.833700	5.511670	1413.782441	0.071399	527887	47.911327	130.695226	1200x1200	1440000	sparse	Meijering	840	13												1	10890	34.131943	0.857880	0.999168	24.185693	0.751823	0.048689												True	0.418825	1.000000				M1_009
M1_010.png	0.099532	0.122965	0.219000	0.125615	0.853553	0.998656	27.536060	0.996299	33.414189	1.000000	1.000000	1.500782	29.177382	0.876786	123842	1	3394	6056	461	2.466167	3394.000000	14557	17950	44478.466218	3.396667	0.108343	-0.007402	-12.179134	-0.001243	-0.002845	0.465661	120645.559072	0.512183	1	3394	-3393	6056	461	2.466167	3394.000000	1	620	14557	17950	8040	2.477909	3.396667	44478.466218	0.108343	597838	4.827425	11.627719	1200x1200	1440000	sparse	Learned	14677	1	88	121075	45.194846	0.983366	40.687352	0.999144	0.534339	0.920508	215	560	0.000000	94	114050	46.740411	0.985526	0.999443	43.268146	0.873540	0.533645	7193	33.280238	0.858657	0.988292	27.743202	0.960735	0.503647	-7.273163	0.079492	-16.017464	-0.106580	True	0.608137	0.912681	0.106934	39.715194	0.999899	M1_010
M1_011.png	0.096808	0.123946	0.220556	0.125694	0.899125	0.998554	29.344908	0.993469	35.307845	1.000000	0.999679	1.898179	29.028441	0.851923	65240	33	576	1197	288	2.200074	17.454545	5428	5971	15655.712473	9.658277	0.106156	0.005800	-9.976587	-0.001247	-0.003179	0.438572	233380.964041	0.598946	33	576	-543	1197	288	2.200074	17.454545	33	61	5428	5971	3943	2.621958	9.658277	15655.712473	0.106156	568475	8.713596	22.072348	1200x1200	1440000	sparse	Otsu	5548	33	64	64251	43.627360	0.964373	38.680538	0.996648	0.561428	0.694587	555	629	0.000000	89	62410	45.061943	0.980581	0.997130	40.516871	0.760203	0.560457	70405	45.033309	0.970089	0.997580	41.449010	0.692926	0.560925	-3.372693	0.305092	-14.598919	-0.112450	True	0.485726	0.921996	0.091008	39.321495	0.999801	M1_011
M1_012.png	0.110801	0.102682	0.186241	0.104615	0.847466	0.998289	24.928391	0.995681	33.838601	1.000000	1.000000	1.340929	27.328457	0.859393	119268	11	3173	5761	490	2.425830	288.454545	14851	18013	44659.594996	3.423039	0.105583	-0.030669	-14.901395	-0.001636	-0.003413	0.543244	126738.869905	0.471261	11	3173	-3162	5761	490	2.425830	288.454545	11	604	14851	18013	8600	2.479298	3.423039	44659.594996	0.105583	605192	5.074219	12.073649	1200x1200	1440000	sparse	Learned	14971	11	87	112253	45.703794	0.982460	41.568935	0.999093	0.456756	0.474624	659	346	0.000000	94	111694	46.758716	0.985064	0.999294	43.415633	0.449928	0.453783	8615	34.539462	0.870185	0.989156	29.674995	0.487382	0.423387	-7.730334	0.525376	-18.375337	-0.123067	True	0.435961	0.584593	0.141470	39.829785	0.999925	M1_012
M1_013.png	0.157878	0.142432	0.249349	0.145157	0.883535	0.998218	25.958357	0.996706	33.540941	1.000000	1.000000	1.347661	27.984384	0.860622	103507	9	2316	4347	473	2.390554	257.333333	11814	14121	35227.825308	3.418599	0.110496	-0.001303	-13.817714	-0.001680	-0.002567	0.492874	115554.355621	0.525745	9	2316	-2307	4347	473	2.390554	257.333333	14	368	11814	14121	6994	2.494712	3.418599	35227.825308	0.110496	572577	5.531771	13.912103	1200x1200	1440000	sparse	Learned	11934	14	85	99226	45.697620	0.983049	40.810907	0.999274	0.507126	0.545393	548	303	0.000000	93	101098	46.806775	0.985819	0.999459	42.869663	0.546478	0.512312	8592	33.937861	0.874665	0.990327	28.102966	0.604136	0.470465	-7.269966	0.454607	-17.713236	-0.122427	True	0.483149	0.651121	0.159181	39.776071	0.999899	M1_013
M1_014.png	0.120512	0.144853	0.253051	0.157098	0.650163	0.995371	26.832858	0.995851	35.519533	1.000000	1.000000	2.029488	27.195342	0.848144	105609	20	2653	5016	626	2.387833	132.650000	13578	16211	40449.499566	3.340512	0.113038	-0.006730	-15.459281	-0.004382	-0.003247	0.592999	113407.114029	0.403343	20	2653	-2633	5016	626	2.387833	132.650000	26	397	13578	16211	7936	2.495188	3.340512	40449.499566	0.113038	557702	5.280819	13.635202	1200x1200	1440000	sparse	Learned	13698	26	84	104189	46.047824	0.981735	42.679327	0.999098	0.407001	0.815057	462	813	0.000000	93	99064	46.653907	0.984742	0.999123	43.545966	0.781878	0.401514	8616	34.157195	0.839307	0.987443	29.822466	0.929082	0.357254	-7.159793	0.184943	-18.852482	-0.133591	True	0.449142	0.911529	0.127242	42.292139	0.999753	M1_014
M1_015.png	0.060048	0.068119	0.127549	0.069062	0.832982	0.999284	26.218803	0.997597	34.004475	1.000000	1.000000	2.017335	30.831249	0.920606	78438	4	1979	3628	338	2.403514	494.750000	9789	11764	29036.702410	3.251732	0.110440	-0.006007	-14.750261	-0.000676	-0.001925	0.433605	99197.889566	0.545933	4	1979	-1975	3628	338	2.403514	494.750000	5	345	9789	11764	5823	2.468268	3.251732	29036.702410	0.110440	459140	5.853540	18.358449	1200x1200	1440000	sparse	Learned	9909	5	87	74023	47.694976	0.984102	41.679355	0.999522	0.566395	0.878840	186	389	0.000000	95	78106	49.295502	0.988762	0.999661	44.325552	0.837476	0.565860	12975	39.719039	0.895517	0.996854	33.069633	0.861485	0.548472	-7.674879	0.121160	-16.863727	-0.063497	True	0.450225	0.908254	0.066055	40.969065	0.999960	M1_015
M1_016.png	0.091990	0.105209	0.190388	0.106698	0.882890	0.998811	28.114467	0.995446	34.227386	1.000000	1.000000	1.406779	28.012162	0.851694	131572	11	3145	5904	690	2.396383	285.909091	15813	18947	47299.541531	3.425990	0.111716	-0.009380	-13.017106	-0.001112	-0.003721	0.558704	131087.430716	0.443043	11	3145	-3134	5904	690	2.396383	285.909091	11	478	15813	18947	9219	2.496413	3.425990	47299.541531	0.111716	576496	4.381601	10.944578	1200x1200	1440000	sparse	Learned	15933	11	89	129637	46.424544	0.986294	42.509217	0.999167	0.441296	0.601505	662	635	0.000000	94	122386	47.155302	0.987960	0.999276	43.755511	0.601184	0.439669	7197	32.116157	0.832452	0.982819	27.399228	0.693042	0.403810	-8.281831	0.398495	-18.412383	-0.134600	True	0.471878	0.663829	0.101369	41.131572	0.999923	M1_016
M1_017.png	0.092205	0.098513	0.179357	0.100664	0.821751	0.999060	27.946348	0.996753	33.994908	1.000000	1.000000	1.663688	30.022882	0.893589	103390	4	2323	4365	500	2.379138	580.750000	12233	14552	36145.696516	3.321653	0.112969	-0.009717	-12.650613	-0.000876	-0.002509	0.480323	113051.472187	0.502598	4	2323	-2319	4365	500	2.379138	580.750000	4	335	12233	14552	7368	2.483899	3.321653	36145.696516	0.112969	580675	5.616356	13.927846	1200x1200	1440000	sparse	Learned	12353	4	87	100556	46.032657	0.982929	41.264157	0.999262	0.519677	0.754426	356	459	0.000000	94	98006	47.287027	0.985524	0.999443	43.487237	0.719259	0.524739	8642	34.678014	0.885903	0.990571	28.599556	0.839303	0.478857	-7.269249	0.245574	-16.009775	-0.089340	True	0.509041	0.846886	0.101922	40.596962	0.999936	M1_017
M1_018.png	0.071584	0.110119	0.198392	0.111735	0.883918	0.998890	30.207308	0.996203	35.980496	1.000000	1.000000	2.226256	29.662735	0.901411	98132	3	2526	4770	536	2.383493	842.000000	13158	15681	39140.144242	3.397850	0.108427	-0.012401	-13.651493	-0.001053	-0.003206	0.503973	116016.931295	0.458933	3	2526	-2523	4770	536	2.383493	842.000000	5	408	13158	15681	7852	2.496023	3.397850	39140.144242	0.108427	448144	4.566747	14.674112	1200x1200	1440000	sparse	Learned	13278	5	90	96794	49.223272	0.989367	44.830109	0.999409	0.496027	0.829923	332	558	0.000000	96	86098	49.569122	0.988856	0.999445	45.597018	0.802653	0.495403	10094	38.679232	0.927692	0.993547	33.347152	0.895650	0.472265	-8.849612	0.170077	-19.560537	-0.087956	True	0.400181	0.890905	0.083984	43.858801	0.999943	M1_018
M1_019.png	0.084507	0.095344	0.174089	0.097277	0.827497	0.998273	27.682872	0.995013	34.592936	1.000000	1.000000	1.658570	29.508913	0.867796	137790	2	3834	6876	505	2.433852	1917.000000	17665	21497	53402.895496	3.365348	0.105534	-0.012220	-13.346764	-0.001612	-0.003961	0.491278	135665.555477	0.497453	2	3834	-3832	6876	505	2.433852	1917.000000	2	756	17665	21497	10284	2.484202	3.365348	53402.895496	0.105534	576802	4.186095	10.450686	1200x1200	1440000	sparse	Learned	17785	2	89	127664	45.996250	0.984373	42.285005	0.998974	0.508722	0.795691	399	619	0.000000	95	134500	47.213607	0.986987	0.999243	44.212732	0.755009	0.516527	7196	33.623143	0.852567	0.984768	29.002139	0.845033	0.460465	-7.692069	0.204309	-16.487337	-0.116576	True	0.496907	0.824156	0.096726	41.029635	0.999886	M1_019
M1_020.png	0.058504	0.057405	0.108578	0.059185	0.656270	0.998416	25.344472	0.995580	34.462267	1.000000	1.000000	2.051413	29.387923	0.866548	118533	5	2891	5447	568	2.386941	578.200000	14917	17803	44478.690067	3.402087	0.110029	-0.003337	-14.987772	-0.001475	-0.003378	0.514581	116045.568466	0.482723	5	2891	-2886	5447	568	2.386941	578.200000	9	488	14917	17803	8902	2.498382	3.402087	44478.690067	0.110029	611309	5.157290	12.148516	1200x1200	1440000	sparse	Learned	15037	9	87	117866	45.401288	0.982674	41.647540	0.998958	0.485419	0.831653	336	539	0.000000	94	117254	46.549563	0.984950	0.999165	43.521315	0.754285	0.483632	8637	34.440181	0.874508	0.988273	29.588526	0.929740	0.446586	-7.185273	0.168347	-16.013365	-0.116125	True	0.450065	0.923269	0.061841	40.332243	0.999891	M1_020
M1_021.png	0.106010	0.114982	0.206249	0.119422	0.755640	0.997573	28.437715	0.994867	35.740746	1.000000	1.000000	1.631591	27.862146	0.865678	123474	10	3192	5926	611	2.398422	319.200000	15973	19155	48543.518370	3.403454	0.113682	-0.020798	-14.787313	-0.002308	-0.004230	0.516262	122784.879446	0.472881	10	3192	-3182	5926	611	2.398422	319.200000	10	536	15973	19155	9436	2.534248	3.403454	48543.518370	0.113682	535090	4.333625	11.662374	1200x1200	1440000	sparse	Learned	16093	10	89	119967	47.481403	0.986153	43.984124	0.999097	0.483738	0.694194	616	770	0.000000	95	114936	48.094954	0.987647	0.999143	45.016321	0.618314	0.478822	7210	32.688005	0.823550	0.980524	28.308195	0.821417	0.414216	-8.243378	0.305806	-19.619257	-0.120475	True	0.511356	0.834324	0.126808	43.225028	0.999882	M1_021
M2_001.png	0.254016	0.332830	0.499434	0.372300	0.758419	0.993539	31.159600	0.993040	36.819300	1.000000	0.993606	0.911107	30.196562	0.856835	39491	31	317	708	217	2.152452	10.225806	3752	4038	10053.815751	8.376841	0.104844	-0.027059	-9.161124	-0.005210	-0.002882	0.518215	111571.876526	0.476099	31	317	-286	708	217	2.152452	10.225806	34	20	3752	4038	2827	2.489801	8.376841	10053.815751	0.104844	331451	8.393077	25.525208	1004x1004	1008016	sparse	Otsu	3872	34	62	38672	43.607058	0.932378	39.818703	0.995922	0.481785	0.558788	463	331	0.000000	88	36978	44.763072	0.976799	0.996237	40.748626	0.570885	0.481654	56371	45.863726	0.980471	0.997504	42.801830	0.503045	0.475473	-2.999402	0.434818	-13.410496	-0.075542	True	0.728907	0.664112	0.281074	40.320725	0.998749	M2_001
M2_002.png	0.103546	0.002124	0.004239	0.019929	0.002372	0.991586	25.919205	0.999925	31.873630	1.000000	0.721167	1.783769	23.160670	0.767242	4817	7	20	45	23	2.089041	2.857143	292	305	516.173665	5.681652	0.057382						39306.628227	0.019325	7	20	-13	45	23	2.089041	2.857143	7	1	292	305	224	1.692373	5.681652	516.173665	0.057382	420138	87.219846	209.262196	1004x1004	1008016	sparse	Meijering	412	7																															True	0.560611	1.000000				M2_002
M2_003.png	0.092871	0.191962	0.322094	0.345480	0.301673	0.989959	23.823114	0.998480	33.786865	1.000000	0.777427	1.243129	26.199238	0.776991	19886	39	94	210	116	2.067155	2.410256	1638	1693	3401.648673	5.639832	0.081875	-0.020729	-8.920960	-0.007791	0.001088	0.860461	57300.552368	0.134182	39	94	-55	210	116	2.067155	2.410256	40	0	1638	1693	1312	2.009243	5.639832	3401.648673	0.081875	505150	25.402293	50.689731	1004x1004	1008016	sparse	Meijering	1758	40	12	19170	35.516811	0.841830	30.950132	0.997391	0.139539	0.635874	312	208	0.000000	53	19550	39.043357	0.927556	0.998473	34.404203	0.608409	0.136262								2.836732	0.141553	-9.317573	-0.064838	True	0.646285	0.803416	0.113600	32.744073	0.997751	M2_003
M2_004.png	0.205849	0.002068	0.004127	0.065883	0.002130	0.979582	24.564222	0.999967	31.591939	1.000000	0.696791	1.261471	22.953699	0.743988	2767	3	3	8	9	2.000000	1.000000	153	153	207.237590	5.323056	0.031204						28219.597101	0.015184	3	3	0	8	9	2.000000	1.000000	3	0	153	153	136	1.354494	5.323056	207.237590	0.031204	444994	160.821829	364.299241	1004x1004	1008016	dense	Meijering	353	3																															True	0.792718	0.999991				M2_004
M2_005.png	0.203199	0.291375	0.451263	0.332647	0.701353	0.995989	21.644525	0.996982	32.014325	1.000000	0.974824	1.173931	27.626020	0.814187	34481	29	278	567	162	2.168300	9.586207	2959	3208	6852.413264	6.193069	0.085818	-0.018322	-12.451935	-0.003514	-0.000691	0.568728	91784.124374	0.415919	29	278	-249	567	162	2.168300	9.586207	32	19	2959	3208	2230	2.136039	6.193069	6852.413264	0.085818	444816	12.900322	29.233955	1004x1004	1008016	sparse	Meijering	3079	32	43	34099	39.790898	0.942270	33.824216	0.997673	0.431272	0.656554	243	215	0.000000	81	34306	40.581755	0.950399	0.998138	35.259889	0.564740	0.429047	65531	42.352098	0.936391	0.999390	40.256295	0.454799	0.436526	-1.809891	0.318271	-12.164878	-0.128083	True	0.818171	0.960476	0.221522	34.096460	0.999503	M2_005
M2_006.png	0.193855	0.218768	0.358999	0.223489	0.911941	0.997745	29.669901	0.989768	34.452820	1.000000	0.999997	1.078079	29.844824	0.854084	54253	15	465	981	225	2.185338	31.000000	4856	5306	12936.759054	9.226841	0.094497	-0.010891	-7.529398	-0.001829	-0.003988	0.411519	133355.069876	0.593266	15	465	-450	981	225	2.185338	31.000000	17	46	4856	5306	3650	2.438138	9.226841	12936.759054	0.094497	392643	7.237259	18.579913	1004x1004	1008016	sparse	Otsu	4976	17	72	53023	41.788249	0.966850	37.410489	0.993756	0.588481	0.550507	384	228	0.000000	86	49336	41.995635	0.967304	0.994336	37.971192	0.553844	0.587856	9076	37.001120	0.904080	0.983539	32.276245	0.593850	0.587967	-2.957669	0.449490	-11.943425	-0.112766	True	0.617715	0.665946	0.204746	37.199299	0.999574	M2_006
M2_007.png	0.256569	0.350569	0.519143	0.386183	0.791729	0.994646	29.828873	0.991876	35.566106	1.000000	0.990235	0.842159	30.551352	0.831054	44872	36	358	774	257	2.152318	9.944444	4228	4550	10866.599794	8.471937	0.092890	-0.006061	-8.218209	-0.004119	-0.002688	0.556146	114779.084206	0.458106	36	358	-322	774	257	2.152318	9.944444	40	21	4228	4550	3197	2.388264	8.471937	10866.599794	0.092890	482281	10.747927	22.464254	1004x1004	1008016	sparse	Otsu	4348	40	62	44420	41.548264	0.948567	38.106326	0.994565	0.443854	0.475427	468	209	0.000000	84	39884	41.703210	0.953953	0.994719	38.446473	0.479873	0.445495	49162	41.970228	0.946764	0.996192	40.101655	0.415841	0.443251	-2.540220	0.514808	-10.996912	-0.117513	True	0.648845	0.546431	0.262630	38.047081	0.998765	M2_007
M2_008.png	0.235259	0.239726	0.386740	0.261652	0.740986	0.996211	27.848069	0.993968	34.267240	1.000000	0.979440	0.831432	28.235204	0.819354	44018	39	312	664	220	2.146028	8.000000	3739	4012	9384.820292	8.037429	0.090226	-0.005436	-9.350337	-0.002968	-0.001866	0.514050	118972.015619	0.507320	39	312	-273	664	220	2.146028	8.000000	41	21	3739	4012	2855	2.339188	8.037429	9384.820292	0.090226	434979	9.881844	22.900086	1004x1004	1008016	sparse	Otsu	3859	41	56	43855	40.868355	0.953400	36.536445	0.995834	0.485950	0.429377	448	204	0.000000	83	42298	41.373963	0.956980	0.995941	37.381582	0.442803	0.485969	49224	41.773921	0.952852	0.996988	39.046198	0.369050	0.481640	-2.269206	0.550062	-12.633151	-0.134046	True	0.643766	0.535247	0.240695	37.198406	0.999179	M2_008
M2_009.png	0.120968	0.131076	0.231771	0.132823	0.908785	0.999030	25.562057	0.988597	33.193955	1.000000	1.000000	1.431262	31.594571	0.879657	49169	7	449	902	169	2.204914	64.142857	4314	4756	11695.054761	10.388243	0.091499	-0.010842	-8.875967	-0.000681	-0.004125	0.397618	155326.297998	0.596743	7	449	-442	902	169	2.204914	64.142857	8	58	4314	4756	3243	2.459011	10.388243	11695.054761	0.091499	417409	8.489272	20.501047	1004x1004	1008016	sparse	Otsu	4434	8	73	48799	40.858328	0.956681	35.812417	0.992722	0.602382	0.701535	301	445	0.000000	85	44988	41.565671	0.958688	0.994283	37.025375	0.611450	0.602970	10088	37.810930	0.873227	0.985818	32.588488	0.822768	0.599860	-2.618462	0.298465	-9.263758	-0.077024	True	0.605342	0.866404	0.131810	34.438024	0.999710	M2_009
M2_010.png	0.196843	0.110503	0.199014	0.416007	0.130792	0.981976	22.293124	0.999388	33.164159	1.000000	0.844818	1.555191	25.363202	0.762654	12555	19	66	151	68	2.092157	3.473684	1020	1067	2005.457070	5.406823	0.070752						49197.996616	0.153677	19	66	-47	151	68	2.092157	3.473684	19	2	1020	1067	801	1.879529	5.406823	2005.457070	0.070752	398472	31.738112	80.288013	1004x1004	1008016	sparse	Meijering	1140	19												19	12324	37.958417	0.923660	0.998997	31.037393	0.329929	0.178644												True	0.618847	0.962425				M2_010
M2_011.png	0.132634	0.145954	0.254730	0.147901	0.917274	0.999125	30.126770	0.988976	33.570330	1.000000	0.999981	1.238124	30.531952	0.808081	59008	17	458	986	251	2.173896	26.941176	5072	5513	13529.384804	9.290332	0.094910	-0.007234	-5.634331	-0.000543	-0.003955	0.417158	138952.744246	0.585408	17	458	-441	986	251	2.173896	26.941176	21	44	5072	5513	3835	2.454088	9.290332	13529.384804	0.094910	401220	6.799417	17.082701	1004x1004	1008016	sparse	Otsu	5192	21	69	57701	39.992876	0.911689	36.175726	0.992931	0.582842	0.583690	528	588	0.000000	83	52684	40.430776	0.957126	0.993415	36.595576	0.535273	0.585783	8079	35.007524	0.884632	0.978824	30.196236	0.749136	0.590624	-2.605396	0.416291	-9.460924	-0.103607	True	0.673720	0.834149	0.139868	35.761101	0.999668	M2_011
M2_012.png	0.095518	0.002119	0.004229	0.030999	0.002270	0.988618	24.431243	0.999926	32.432191	1.000000	0.539757	1.518885	24.893573	0.781223	3019	5	3	6	8	1.970588	0.600000	136	134	193.468037	5.984498	0.037672						26094.498873	0.008108	5	3	2	6	8	1.970588	0.600000	5	0	136	134	122	1.443791	5.984498	193.468037	0.037672	341696	113.181848	333.890692	1004x1004	1008016	sparse	Meijering	256	5																															True	0.658378	1.000000				M2_012
M2_013.png	0.119070	0.176965	0.300714	0.178051	0.966661	0.998979	31.980131	0.986085	33.474291	1.000000	1.000000	1.712864	30.460126	0.826661	56666	5	465	926	184	2.190201	93.000000	4837	5297	13065.996997	10.354153	0.087919	0.002534	-3.399228	-0.000553	-0.004494	0.391251	149558.606625	0.625618	5	465	-460	926	184	2.190201	93.000000	8	55	4837	5297	3727	2.466679	10.354153	13065.996997	0.087919	408948	7.216814	17.788727	1004x1004	1008016	sparse	Otsu	4957	8	70	55618	39.842496	0.910114	35.752522	0.990579	0.608749	0.827076	263	616	0.000000	84	55536	40.692561	0.957829	0.992333	36.680960	0.702215	0.604282	7864	35.642428	0.878239	0.977100	30.834721	0.957770	0.604533	-2.278231	0.172924	-9.382371	-0.083454	True	0.583738	0.999864	0.116535	35.379359	0.999531	M2_013
M2_014.png	0.146012	0.164164	0.282030	0.171132	0.801278	0.997498	27.870935	0.988225	35.625820	1.000000	0.997467	1.297000	30.768558	0.837984	52032	32	447	983	291	2.168494	13.968750	4926	5341	13438.965837	8.950280	0.100724	-0.004455	-10.407491	-0.001944	-0.004511	0.514383	137356.668949	0.489817	32	447	-415	983	291	2.168494	13.968750	38	34	4926	5341	3652	2.516189	8.950280	13438.965837	0.100724	386264	7.423585	19.373001	1004x1004	1008016	sparse	Otsu	5046	38	71	51650	41.954911	0.960553	38.463653	0.992736	0.485617	0.606298	518	662	0.000000	86	50960	42.211102	0.961963	0.993065	38.925342	0.514854	0.476908	9063	37.773584	0.917416	0.983410	33.697517	0.707639	0.486137	-2.837832	0.391169	-11.186353	-0.122568	True	0.551744	0.715612	0.150467	38.278427	0.999442	M2_014
M2_015.png	0.131650	0.039413	0.075836	0.147128	0.051084	0.994230	22.790114	0.999811	32.164107	1.000000	0.664089	1.742688	26.076295	0.830563	5830	11	23	46	28	2.058537	2.090909	410	422	674.126984	5.293758	0.057371						35532.512903	0.055273	11	23	-12	46	28	2.058537	2.090909	11	1	410	422	336	1.597457	5.293758	674.126984	0.057371	269123	46.161750	172.901544	1004x1004	1008016	sparse	Meijering	530	11												2	5790	36.642627	0.871157	0.999399	26.505807	0.550490	0.073514												True	0.571003	0.995079				M2_015
M2_016.png	0.076438	0.033125	0.064125	0.135335	0.042017	0.991018	23.065056	0.999774	32.701485	1.000000	0.646103	1.709138	25.663464	0.788797	7582	16	40	67	42	2.088561	2.500000	542	566	951.707720	5.378665	0.067393						40876.448154	0.025518	16	40	-24	67	42	2.088561	2.500000	16	2	542	566	433	1.681462	5.378665	951.707720	0.067393	380148	50.138222	132.948562	1004x1004	1008016	sparse	Meijering	662	16												4	7420	36.446086	0.893076	0.999454	26.966306	0.818754	0.041206												True	0.585090	1.000000				M2_016
M2_017.png	0.076808	0.047744	0.091137	0.120054	0.073446	0.996402	17.703223	0.999854	31.568321	1.000000	0.765169	1.576140	25.716895	0.830350	6084	7	21	50	31	2.066194	3.000000	423	437	766.026720	5.578984	0.055240						43084.725380	0.047138	7	21	-14	50	31	2.066194	3.000000	9	0	423	437	342	1.752922	5.578984	766.026720	0.055240	255769	42.039612	165.683103	1004x1004	1008016	sparse	Meijering	543	9												3	5984	37.103062	0.910592	0.999591	25.912754	0.403574	0.113972												True	0.634454	0.999989				M2_017
M2_018.png	0.234577	0.240223	0.387387	0.246218	0.907979	0.998093	31.379660	0.995696	35.221660	1.000000	0.970472	1.221816	28.411634	0.848774	33464	30	224	462	157	2.135239	7.466667	2869	3063	6833.591132	8.426772	0.086373	0.039228	-6.792944	-0.001559	-0.001286	0.408869	106844.969511	0.697485	30	224	-194	462	157	2.135239	7.466667	33	17	2869	3063	2250	2.231012	8.426772	6833.591132	0.086373	312370	9.334509	30.122400	1004x1004	1008016	sparse	Otsu	2989	33	48	33152	42.480424	0.920801	37.181431	0.996982	0.591131	0.466109	394	238	0.000000	86	32940	44.431552	0.978537	0.997526	39.132739	0.458968	0.591944	67323	46.491087	0.983021	0.998938	43.087190	0.411093	0.590694	-1.959771	0.504363	-14.068790	-0.072027	True	0.518754	0.633821	0.195349	38.172604	0.999652	M2_018
M2_019.png	0.082312	0.097299	0.177342	0.098760	0.868022	0.999561	22.902822	0.994084	32.044147	1.000000	1.000000	1.144732	30.651863	0.900257	31010	3	307	576	74	2.181493	102.333333	3350	3654	6223.196677	8.896675	0.053192	-0.002072	-9.843662	-0.000325	-0.001470	0.416093	92274.080038	0.590194	3	307	-304	576	74	2.181493	102.333333	3	47	3350	3654	2700	1.703119	8.896675	6223.196677	0.053192	421219	13.583328	32.506159	1004x1004	1008016	dense	Meijering	3550	3	60	30949	40.270525	0.938881	33.936448	0.995554	0.583907	0.734776	117	118	0.000000	82	30774	41.068613	0.945080	0.996961	35.523080	0.607605	0.583303	72551	42.999472	0.941117	0.999183	40.992180	0.490269	0.583622	-1.892300	0.265224	-9.618662	-0.038624	True	0.661252	0.756957	0.084384	32.746483	0.999886	M2_019
M2_020.png	0.150473	0.188538	0.317261	0.193168	0.887216	0.999355	22.229674	0.994381	30.408956	1.000000	1.000000	1.006490	30.734736	0.900164	28943	5	256	467	62	2.169080	51.200000	2969	3220	5377.069694	8.820214	0.051444	0.016010	-8.906606	-0.000455	-0.000998	0.386972	91053.464174	0.683933	5	256	-251	467	62	2.169080	51.200000	6	37	2969	3220	2440	1.669897	8.820214	5377.069694	0.051444	368125	12.718965	34.827627	1004x1004	1008016	dense	Meijering	3169	6	54	28656	39.218308	0.903753	31.787801	0.995380	0.613028	0.836641	83	142	0.000000	79	27556	40.456782	0.948256	0.997258	33.830885	0.664239	0.605904	76397	43.744846	0.946448	0.999598	41.777355	0.562591	0.613479	-1.378845	0.163358	-8.483572	-0.003590	True	0.993552	1.000000	0.134463	31.136280	0.999809	M2_020
