filename	ng_fg_ssim	ng_fg_psnr	ng_iou	ng_topo_q	ng_psnr	ng_ssim	ng_bytes	graph_n_components	graph_n_cycles	graph_n_junctions	graph_n_endpoints	graph_mean_degree	graph_complexity	n_nodes	n_edges	total_edge_length	mean_width_px	mean_curvature	delta_fg_ssim	delta_iou	total_time_ms	ng_n_components	ng_n_cycles	ng_euler_characteristic	ng_n_junctions	ng_n_endpoints	ng_mean_degree	ng_graph_complexity	ng_seg_beta_0	ng_seg_beta_1	graph_n_nodes	graph_n_edges	graph_n_sampled	graph_mean_edge_length	graph_mean_width	graph_total_edge_length	graph_mean_curvature	png_bytes	ng_vs_png	ng_vs_raw	image_shape	image_pixels	image_type	segmenter	n_points	n_structures	jpeg_quality	jpeg_bytes	jpeg_psnr	jpeg_ssim	jpeg_fg_psnr	jpeg_fg_ssim	jpeg_iou	jpeg_topo_q	jpeg_beta_0	jpeg_beta_1	jpeg_betti_preservation	webp_quality	webp_bytes	webp_psnr	webp_ssim	webp_fg_ssim	webp_fg_psnr	webp_topo_q	webp_iou	jp2_bytes	jp2_psnr	jp2_ssim	jp2_fg_ssim	jp2_fg_psnr	jp2_topo_q	jp2_iou	delta_fg_psnr	delta_topo_q	delta_psnr	delta_ssim	gt_available	stem
nuclei_000.png	0.961486	23.626929	0.711453	0.692676	19.692720	0.364384	23843	31	561	1174	349	2.347541	18.096774	3050	3580	7391.530676	2.764063	0.067463	-0.032515	0.296789	1821.622133	31	561	-530	1174	349	2.347541	18.096774	31	32	3050	3580	1527	2.064673	2.764063	7391.530676	0.067463	53981	2.264019	2.748647	256x256	65536	sparse	Meijering	3050	31	82	23621	31.351583	0.931971	31.377523	0.994000	0.414665	0.433312	886	4547	0.000000	82	23632	37.194163	0.981242	0.998392	37.113655	0.402043	0.418393	249	22.790217	0.164823	0.945058	22.777029	0.999997	0.417068	-7.750594	0.259364	-11.658863	-0.567587	False	nuclei_000
nuclei_001.png	0.960845	22.905857	0.708700	0.712114	18.825030	0.358452	23484	30	531	1131	347	2.346353	17.700000	2893	3394	7110.000338	2.828652	0.066419	-0.032329	0.297725	1744.348288	30	531	-501	1131	347	2.346353	17.700000	30	30	2893	3394	1415	2.094873	2.828652	7110.000338	0.066419	55316	2.355476	2.790666	256x256	65536	sparse	Meijering	2893	30	79	23032	30.027904	0.925365	30.057067	0.993174	0.410975	0.473038	797	4774	0.000000	80	23440	36.520955	0.982184	0.998398	36.418157	0.430822	0.415405	248	21.821578	0.136411	0.940426	21.711400	0.999988	0.412059	-7.151210	0.239076	-11.202873	-0.566913	False	nuclei_001
nuclei_002.png	0.971021	22.713006	0.712677	0.662532	18.583126	0.358103	23276	44	482	1079	385	2.305439	10.954545	2868	3306	7147.901121	2.546882	0.069542	-0.023382	0.309519	1638.546467	44	482	-438	1079	385	2.305439	10.954545	44	15	2868	3306	1404	2.162100	2.546882	7147.901121	0.069542	55526	2.385547	2.815604	256x256	65536	sparse	Meijering	2868	44	78	22864	29.637324	0.921452	29.560508	0.994403	0.403158	0.442259	860	4508	0.000000	79	23208	36.261450	0.981910	0.998773	36.187106	0.429220	0.411172	247	21.623725	0.132466	0.958259	21.603631	0.993395	0.401222	-6.847502	0.220273	-11.054198	-0.563348	False	nuclei_002
nuclei_003.png	0.970324	22.426291	0.722914	0.658284	18.296815	0.352880	24666	54	577	1256	439	2.334399	10.685185	3128	3651	7632.670220	2.490400	0.068555	-0.025196	0.309742	1730.060816	54	577	-523	1256	439	2.334399	10.685185	54	29	3128	3651	1433	2.090570	2.490400	7632.670220	0.068555	55986	2.269764	2.656937	256x256	65536	sparse	Meijering	3128	54	80	24297	30.383991	0.937785	30.373109	0.995520	0.413172	0.428309	901	4611	0.000000	81	24576	37.040100	0.985777	0.999013	36.997602	0.404685	0.418886	248	21.286650	0.124914	0.955286	21.194431	1.000000	0.408587	-7.946818	0.229975	-12.087177	-0.584905	False	nuclei_003
nuclei_004.png	0.965664	22.807196	0.733840	0.680676	18.572361	0.359201	24344	43	575	1237	391	2.350577	13.372093	3035	3567	7484.520341	2.684512	0.067004	-0.028862	0.306751	1698.235273	43	575	-532	1237	391	2.350577	13.372093	43	32	3035	3567	1407	2.098268	2.684512	7484.520341	0.067004	55467	2.278467	2.692080	256x256	65536	sparse	Meijering	3035	43	80	23816	30.386433	0.932718	30.442526	0.994526	0.427089	0.430449	908	4756	0.000000	81	24292	36.968527	0.984415	0.998724	36.849292	0.403963	0.432036	250	21.651631	0.135199	0.947531	21.569240	0.999989	0.436285	-7.635330	0.250227	-11.814072	-0.573517	False	nuclei_004
nuclei_005.png	0.967877	22.494208	0.714354	0.610432	18.352190	0.344302	24560	43	556	1207	384	2.330861	12.930233	3101	3614	7474.755269	2.532664	0.064254	-0.027250	0.296566	1729.010105	43	556	-513	1207	384	2.330861	12.930233	43	36	3101	3614	1510	2.068278	2.532664	7474.755269	0.064254	55899	2.276018	2.668404	256x256	65536	sparse	Meijering	3101	43	80	24176	30.387076	0.936383	30.350432	0.995127	0.417788	0.419736	927	4614	0.000000	81	24362	36.876267	0.984997	0.998885	36.845023	0.409451	0.424306	250	21.341368	0.129019	0.950854	21.149798	0.999565	0.410053	-7.856224	0.190696	-12.034886	-0.592080	False	nuclei_005
nuclei_006.png	0.961432	22.645960	0.731853	0.665536	18.618579	0.368837	25426	27	648	1344	364	2.387640	24.000000	3204	3825	8021.746220	2.750585	0.067053	-0.033715	0.289381	1847.464800	27	648	-621	1344	364	2.387640	24.000000	27	51	3204	3825	1496	2.097189	2.750585	8021.746220	0.067053	55655	2.188901	2.577519	256x256	65536	sparse	Meijering	3204	27	82	25308	31.302530	0.946641	31.303192	0.995147	0.442472	0.389235	1009	4468	0.000000	82	24890	37.446149	0.986332	0.998790	37.390715	0.424226	0.457784	250	21.429073	0.132806	0.939597	21.394460	1.000000	0.437233	-8.657232	0.276301	-12.683951	-0.577804	False	nuclei_006
nuclei_007.png	0.965756	23.199383	0.724013	0.604287	19.508109	0.347436	22127	52	493	1076	388	2.312544	9.480769	2822	3263	6987.763810	2.654498	0.066531	-0.027412	0.305539	1691.091061	52	493	-441	1076	388	2.312544	9.480769	52	28	2822	3263	1358	2.141515	2.654498	6987.763810	0.066531	54622	2.468568	2.961811	256x256	65536	sparse	Meijering	2822	52	78	21877	29.710239	0.910621	29.794371	0.993167	0.418475	0.385718	1030	4518	0.000000	78	21606	35.554599	0.975219	0.998063	35.397884	0.378279	0.426034	246	22.132560	0.153167	0.947969	21.802947	1.000000	0.401657	-6.594989	0.218569	-10.202130	-0.563185	False	nuclei_007
nuclei_008.png	0.965607	23.049860	0.705705	0.627418	19.218591	0.354499	22908	47	525	1097	355	2.333799	11.170213	2864	3342	7169.439260	2.641137	0.070057	-0.028148	0.284605	1644.010305	47	525	-478	1097	355	2.333799	11.170213	47	38	2864	3342	1412	2.145254	2.641137	7169.439260	0.070057	54901	2.396586	2.860835	256x256	65536	sparse	Meijering	2864	47	79	22671	30.056784	0.921466	29.998548	0.993755	0.421100	0.348942	1138	4216	0.000000	79	22430	35.974248	0.978663	0.998299	35.804450	0.401263	0.433171	243	21.685066	0.147561	0.944429	21.230097	1.000000	0.405042	-6.948687	0.278476	-10.838193	-0.566967	False	nuclei_008
nuclei_009.png	0.961816	22.832843	0.719979	0.613589	18.857491	0.362995	24788	42	638	1339	403	2.379618	15.190476	3140	3736	7850.101847	2.684406	0.065164	-0.032750	0.276315	1860.086203	42	638	-596	1339	403	2.379618	15.190476	42	49	3140	3736	1398	2.101205	2.684406	7850.101847	0.065164	55240	2.228498	2.643860	256x256	65536	sparse	Meijering	3140	42	81	24374	30.857627	0.937246	30.874987	0.994566	0.443664	0.307141	1273	4005	0.000000	82	24490	37.281014	0.984926	0.998696	37.162944	0.306993	0.447942	244	21.349564	0.142786	0.937104	20.831024	1.000000	0.432802	-8.042144	0.306448	-12.000136	-0.574251	False	nuclei_009
nuclei_010.png	0.961545	23.151620	0.719264	0.507977	19.256640	0.361902	22659	49	478	1019	342	2.303824	9.755102	2824	3253	7075.176508	2.830467	0.066453	-0.030787	0.288295	1772.663593	49	478	-429	1019	342	2.303824	9.755102	49	36	2824	3253	1463	2.174970	2.830467	7075.176508	0.066453	54877	2.421863	2.892272	256x256	65536	sparse	Meijering	2824	49	78	22207	29.638769	0.913432	29.656602	0.992332	0.430969	0.309872	1276	4079	0.000000	79	22246	35.958937	0.978312	0.998100	35.924956	0.341451	0.443947	250	21.761407	0.151719	0.937011	21.450423	1.000000	0.407796	-6.504983	0.198106	-10.382129	-0.551530	False	nuclei_010
nuclei_011.png	0.958020	23.030111	0.697348	0.540139	19.499138	0.361872	23181	38	552	1183	359	2.349779	14.526316	2939	3453	7435.688852	2.842266	0.064866	-0.034544	0.257180	1812.809944	38	552	-514	1183	359	2.349779	14.526316	38	40	2939	3453	1397	2.153400	2.842266	7435.688852	0.064866	54855	2.366378	2.827143	256x256	65536	sparse	Meijering	2939	38	79	22725	30.003223	0.919935	30.052423	0.992563	0.440169	0.292350	1323	3810	0.000000	80	23108	36.470055	0.980850	0.998171	36.362191	0.302312	0.448724	246	21.381968	0.151784	0.930031	20.992543	1.000000	0.421321	-7.022311	0.247789	-10.504085	-0.558063	False	nuclei_011
nuclei_012.png	0.955426	22.779330	0.709758	0.474416	19.620868	0.332090	19412	47	372	808	303	2.279090	7.914894	2329	2654	5917.849909	3.132556	0.071665	-0.031969	0.269368	1469.681978	47	372	-325	808	303	2.279090	7.914894	47	16	2329	2654	1218	2.229785	3.132556	5917.849909	0.071665	55184	2.842778	3.376056	256x256	65536	sparse	Meijering	2329	47	71	19206	27.687496	0.871254	27.600889	0.987395	0.440389	0.267934	1380	3346	0.000000	68	19244	33.444109	0.963746	0.996431	33.285746	0.257378	0.449403	247	20.959019	0.146756	0.918757	20.104167	1.000000	0.402840	-4.821560	0.206483	-8.066628	-0.539164	False	nuclei_012
nuclei_013.png	0.958333	22.994578	0.690852	0.440872	19.431926	0.360905	21781	41	473	990	340	2.319409	11.536585	2705	3137	6694.621971	3.012334	0.065695	-0.032489	0.250151	1642.891645	41	473	-432	990	340	2.319409	11.536585	41	23	2705	3137	1375	2.134084	3.012334	6694.621971	0.065695	55034	2.526698	3.008861	256x256	65536	sparse	Meijering	2705	41	76	21276	29.012489	0.903248	28.949189	0.990822	0.440702	0.255307	1449	3490	0.000000	77	21408	35.037935	0.974226	0.997510	34.854021	0.248408	0.447438	247	20.991830	0.151079	0.925611	20.215305	1.000000	0.399141	-5.954611	0.185565	-9.580563	-0.542343	False	nuclei_013
nuclei_014.png	0.961616	22.803721	0.701868	0.409046	19.445149	0.346945	21529	42	470	1016	356	2.316451	11.190476	2705	3133	6837.490860	2.871245	0.069146	-0.030300	0.250018	1749.997616	42	470	-428	1016	356	2.316451	11.190476	42	26	2705	3133	1333	2.182410	2.871245	6837.490860	0.069146	55171	2.562636	3.044080	256x256	65536	sparse	Meijering	2705	42	76	21363	28.958168	0.903569	28.941422	0.991917	0.451850	0.250154	1463	3447	0.000000	76	21086	34.950294	0.974090	0.997765	34.809774	0.229552	0.457506	249	20.741103	0.150790	0.929095	19.857157	1.000000	0.401690	-6.137700	0.158892	-9.513019	-0.556624	False	nuclei_014
nuclei_015.png	0.952906	23.226205	0.664126	0.363787	19.894064	0.372344	22138	34	476	1021	328	2.318559	14.000000	2775	3217	7118.647539	3.135769	0.066889	-0.038029	0.216466	1906.438112	34	476	-442	1021	328	2.318559	14.000000	34	30	2775	3217	1426	2.212822	3.135769	7118.647539	0.066889	54481	2.460972	2.960340	256x256	65536	sparse	Meijering	2775	34	78	21903	29.740513	0.910458	29.680559	0.990935	0.447659	0.240364	1491	3265	0.000000	79	22068	35.912736	0.977307	0.997685	35.758397	0.221298	0.451317	248	21.085826	0.165820	0.916682	20.402910	0.999893	0.414844	-6.454354	0.123423	-9.846450	-0.538114	False	nuclei_015
nuclei_016.png	0.949147	23.461894	0.677477	0.385796	20.464424	0.361035	21422	39	549	1146	333	2.375968	14.076923	2713	3223	7116.461078	3.113197	0.064769	-0.040558	0.207733	1758.835554	39	549	-510	1146	333	2.375968	14.076923	39	49	2713	3223	1234	2.208024	3.113197	7116.461078	0.064769	53867	2.514564	3.059285	256x256	65536	sparse	Meijering	2713	39	78	21324	29.792218	0.902467	29.722310	0.989704	0.469744	0.216194	1603	3039	0.000000	78	20822	35.382208	0.971682	0.996833	35.085560	0.208982	0.477110	247	21.137996	0.181421	0.911258	20.540941	0.999891	0.415853	-6.260417	0.169603	-9.327794	-0.541432	False	nuclei_016
nuclei_017.png	0.954917	24.547798	0.676899	0.354524	21.864744	0.378783	19540	49	456	970	331	2.314043	9.306122	2592	2999	6623.825470	2.952286	0.070036	-0.033951	0.209893	1716.971397	49	456	-407	970	331	2.314043	9.306122	49	33	2592	2999	1291	2.208678	2.952286	6623.825470	0.070036	51998	2.661105	3.353941	256x256	65536	sparse	Meijering	2592	49	78	19157	30.129782	0.875950	30.050255	0.988868	0.467006	0.209142	1540	2733	0.000000	79	19528	35.875860	0.965816	0.996720	35.488513	0.194922	0.474391	247	22.076806	0.235404	0.922812	21.126860	0.999924	0.378329	-5.502456	0.145383	-8.265038	-0.497167	False	nuclei_017
nuclei_018.png	0.955616	24.403251	0.663202	0.338652	21.807151	0.376737	19874	46	552	1103	348	2.379595	12.000000	2666	3172	6875.741783	2.987168	0.062240	-0.033763	0.186390	1867.896318	46	552	-506	1103	348	2.379595	12.000000	46	41	2666	3172	1215	2.167636	2.987168	6875.741783	0.062240	52248	2.628962	3.297575	256x256	65536	sparse	Meijering	2666	46	78	19389	30.102956	0.880331	29.931376	0.989379	0.476813	0.192355	1539	2287	0.000000	79	19820	35.827328	0.966584	0.996854	35.479423	0.183537	0.482816	248	21.688545	0.228472	0.923021	20.912379	0.995483	0.394850	-5.528126	0.146297	-8.295805	-0.503594	False	nuclei_018
nuclei_019.png	0.954970	25.752538	0.703194	0.414604	24.106897	0.404931	14670	33	342	723	241	2.322884	10.363636	1914	2223	4959.635826	3.369666	0.064871	-0.028235	0.185952	1289.605141	33	342	-309	723	241	2.322884	10.363636	33	25	1914	2223	950	2.231055	3.369666	4959.635826	0.064871	49799	3.394615	4.467348	256x256	65536	sparse	Meijering	1914	33	74	14572	29.987359	0.808568	29.613038	0.983205	0.517241	0.188908	1261	1636	0.000000	71	14616	33.848264	0.925904	0.992686	33.134302	0.188618	0.505178	247	22.903708	0.310007	0.917747	20.531264	0.999973	0.366776	-3.860500	0.225696	-5.880462	-0.403637	False	nuclei_019
nuclei_020.png	0.959865	27.368950	0.817539	0.706276	26.675242	0.485634	9012	20	234	453	135	2.379097	11.700000	1129	1343	3247.129684	4.669903	0.051872	-0.016185	0.222356	1167.092085	20	234	-214	453	135	2.379097	11.700000	20	24	1129	1343	541	2.417818	4.669903	3247.129684	0.051872	46990	5.214159	7.272082	256x256	65536	sparse	Otsu	1129	20	66	8854	30.966455	0.743068	29.869097	0.976049	0.595182	0.220741	612	540	0.000000	58	8884	32.401987	0.837993	0.985348	31.359659	0.183686	0.589534	243	23.363165	0.422200	0.918691	19.848461	0.999079	0.330994	-2.500147	0.485535	-4.291213	-0.257435	False	nuclei_020
nuclei_021.png	0.966735	29.491366	0.838807	0.782922	29.706169	0.667789	7458	19	85	182	83	2.131737	4.473684	1002	1068	2757.180179	5.929976	0.039834	-0.014976	0.054131	1795.351505	19	85	-66	182	83	2.131737	4.473684	19	6	1002	1068	737	2.581629	5.929976	2757.180179	0.039834	43735	5.864173	8.787342	256x256	65536	sparse	Otsu	1002	19	72	7434	34.337019	0.816558	32.634599	0.981711	0.784677	0.318997	191	195	0.000000	76	7088	35.148136	0.858703	0.987562	33.826261	0.227351	0.744265	271	26.014095	0.610547	0.928706	22.211453	0.720103	0.452668	-3.143233	0.463925	-4.630849	-0.148769	False	nuclei_021
nuclei_022.png	0.966449	29.801939	0.843340	0.687673	30.663184	0.736135	7762	20	47	96	63	2.049770	2.350000	1085	1112	3137.197904	6.644966	0.029894	-0.017268	0.002024	2104.335785	20	47	-27	96	63	2.049770	2.350000	20	2	1085	1112	926	2.821221	6.644966	3137.197904	0.029894	42829	5.517779	8.443185	256x256	65536	sparse	Otsu	1085	20	75	7505	35.514230	0.857039	33.211083	0.983717	0.841315	0.345970	113	113	0.000000	79	7278	36.443220	0.887660	0.989671	34.824680	0.315235	0.823070	279	25.251890	0.639829	0.921087	22.198057	0.712347	0.476840	-3.409143	0.341703	-4.851046	-0.120904	False	nuclei_022
nuclei_023.png	0.960780	29.103895	0.851284	0.661760	29.501226	0.754796	6906	23	51	102	59	2.076294	2.217391	734	762	1677.881373	6.217445	0.043735	-0.019297	-0.010447	1112.598896	23	51	-28	102	59	2.076294	2.217391	21	7	734	762	573	2.201944	6.217445	1677.881373	0.043735	42790	6.196061	9.489719	256x256	65536	sparse	Otsu	734	21	71	6752	35.417796	0.866027	32.589064	0.980077	0.861732	0.436915	74	105	0.000000	78	6434	36.322054	0.885782	0.988299	34.512188	0.431052	0.845928	277	24.327510	0.624600	0.900505	20.816467	0.656991	0.500903	-3.485169	0.224845	-5.916570	-0.111231	False	nuclei_023
nuclei_024.png	0.952204	29.295751	0.844128	0.852904	28.297546	0.791105	8594	20	70	115	43	2.096432	3.500000	1037	1087	2619.957978	5.898048	0.038474	-0.029337	-0.034386	1682.757854	20	70	-50	115	43	2.096432	3.500000	20	15	1037	1087	879	2.410265	5.898048	2619.957978	0.038474	41687	4.850710	7.625785	256x256	65536	sparse	Otsu	1037	20	80	8471	37.052443	0.906171	34.344896	0.981541	0.878514	0.663322	51	196	0.000000	84	8530	38.613367	0.928995	0.990480	37.105929	0.614094	0.873745	246	22.415991	0.595477	0.866730	18.992335	0.967935	0.380031	-5.049145	0.189582	-8.754897	-0.115066	False	nuclei_024
nuclei_025.png	0.951049	28.461152	0.877864	0.890781	28.151813	0.766381	9830	20	95	175	46	2.140056	4.750000	1071	1146	2891.316670	5.491605	0.051925	-0.029504	-0.003971	1387.611389	20	95	-75	175	46	2.140056	4.750000	20	27	1071	1146	850	2.522964	5.491605	2891.316670	0.051925	43632	4.438657	6.666938	256x256	65536	sparse	Otsu	1071	20	78	9569	35.645863	0.899001	33.132753	0.980554	0.881835	0.783661	44	295	0.000000	82	9586	37.593303	0.926844	0.990661	36.245835	0.767349	0.877031	244	20.892567	0.497904	0.820783	17.655910	0.447057	0.321754	-4.671600	0.107120	-7.494051	-0.132619	False	nuclei_025
nuclei_026.png	0.948951	28.756792	0.873205	0.904563	28.300364	0.782889	12289	21	135	256	50	2.147002	6.428571	1551	1665	3917.006108	5.279204	0.050989	-0.035566	0.010129	2183.669567	21	135	-114	256	50	2.147002	6.428571	21	34	1551	1665	1245	2.352556	5.279204	3917.006108	0.050989	43511	3.540646	5.332899	256x256	65536	sparse	Otsu	1551	21	84	12207	36.659571	0.919986	34.466367	0.984517	0.863076	0.840573	47	447	0.000000	85	11538	38.790774	0.946565	0.991944	37.409556	0.840763	0.858075	248	21.242493	0.490733	0.833540	19.071125	0.996870	0.440416	-5.709575	0.063990	-8.359207	-0.137096	False	nuclei_026
nuclei_027.png	0.951552	28.989203	0.853237	0.898353	28.754779	0.787013	12042	22	185	322	44	2.227495	8.409091	1433	1596	3811.789269	5.132850	0.059397	-0.032421	-0.004922	1267.705441	22	185	-163	322	44	2.227495	8.409091	22	48	1433	1596	1067	2.388339	5.132850	3811.789269	0.059397	43521	3.614101	5.442285	256x256	65536	sparse	Otsu	1433	22	83	11797	36.577586	0.921760	34.423539	0.983973	0.858159	0.830980	53	414	0.000000	85	11778	38.868469	0.950339	0.992427	37.582580	0.831826	0.857143	248	21.214372	0.474767	0.825904	19.162613	0.983344	0.447428	-5.434336	0.067373	-7.822807	-0.134747	False	nuclei_027
nuclei_028.png	0.955022	28.570651	0.866792	0.949432	28.132957	0.794047	15207	23	224	417	58	2.193735	9.739130	2075	2276	5147.784083	4.427397	0.050692	-0.034838	0.026863	2339.427471	23	224	-201	417	58	2.193735	9.739130	23	62	2075	2276	1600	2.261768	4.427397	5147.784083	0.050692	44138	2.902479	4.309594	256x256	65536	sparse	Otsu	2075	23	87	15014	37.155394	0.934823	35.455587	0.989860	0.839929	0.837398	62	607	0.000000	87	14056	39.810129	0.962351	0.995351	38.790178	0.802553	0.843920	247	20.696075	0.444765	0.817278	18.527413	0.983510	0.437538	-6.884936	0.112034	-9.022437	-0.140776	False	nuclei_028
nuclei_029.png	0.962510	28.632107	0.842178	0.910306	28.416051	0.792657	14301	22	252	464	55	2.257271	11.454545	1788	2018	4611.424332	3.957162	0.066416	-0.027152	0.032499	1252.550602	22	252	-230	464	55	2.257271	11.454545	22	67	1788	2018	1269	2.285146	3.957162	4611.424332	0.066416	44464	3.109153	4.582617	256x256	65536	sparse	Otsu	1788	22	85	14109	36.535296	0.931476	34.758113	0.989662	0.809679	0.768794	81	585	0.000000	86	13604	39.288834	0.960032	0.995422	38.271792	0.748974	0.809793	248	20.628992	0.417001	0.829763	18.619098	0.998247	0.446541	-6.126006	0.141512	-8.119245	-0.138818	False	nuclei_029
nuclei_030.png	0.965275	28.686903	0.850078	0.936629	28.566908	0.793860	15067	22	329	599	65	2.318630	14.954545	1927	2234	4956.088812	3.738794	0.061536	-0.025087	0.050595	1309.524536	22	329	-307	599	65	2.318630	14.954545	22	80	1927	2234	1263	2.218482	3.738794	4956.088812	0.061536	44799	2.973319	4.349638	256x256	65536	sparse	Otsu	1927	22	85	14420	36.341256	0.931979	34.609660	0.990362	0.799483	0.784928	87	683	0.000000	87	14698	39.647426	0.964845	0.996209	38.640890	0.821804	0.804481	247	20.450152	0.401961	0.830551	18.483761	0.999958	0.436559	-5.922757	0.151701	-7.774349	-0.138118	False	nuclei_030
nuclei_031.png	0.967224	28.506471	0.854621	0.937921	28.593866	0.796735	15383	22	300	557	76	2.280950	13.636364	1979	2257	4995.607590	3.581944	0.061917	-0.023976	0.063230	1306.499720	22	300	-278	557	76	2.280950	13.636364	22	72	1979	2257	1346	2.213384	3.581944	4995.607590	0.061917	45072	2.929988	4.260287	256x256	65536	sparse	Otsu	1979	22	85	14793	36.251736	0.933180	34.589212	0.991200	0.791391	0.779441	88	668	0.000000	87	14940	39.555484	0.964986	0.996546	38.671555	0.809765	0.794491	247	20.296554	0.388651	0.833583	18.303920	0.999970	0.436134	-6.082742	0.158480	-7.657869	-0.136445	False	nuclei_031
nuclei_032.png	0.967257	28.287345	0.846107	0.976047	28.300203	0.798791	15785	21	290	541	83	2.259402	13.809524	2074	2343	5249.505957	3.596503	0.063618	-0.024359	0.068345	1528.479576	21	290	-269	541	83	2.259402	13.809524	21	63	2074	2343	1450	2.240506	3.596503	5249.505957	0.063618	45317	2.870890	4.151790	256x256	65536	sparse	Otsu	2074	21	85	15158	36.153103	0.933867	34.514816	0.991616	0.777762	0.827115	78	685	0.000000	87	15338	39.626269	0.966808	0.996715	38.697013	0.853309	0.781287	250	20.139305	0.376577	0.831534	18.193515	0.999975	0.411574	-6.227471	0.148932	-7.852900	-0.135076	False	nuclei_032
nuclei_033.png	0.968485	28.475617	0.829098	0.894883	28.310004	0.790134	15029	27	270	509	93	2.252862	10.000000	1922	2165	4767.520409	3.590055	0.069510	-0.023050	0.075283	1379.673004	27	270	-243	509	93	2.252862	10.000000	27	61	1922	2165	1320	2.202088	3.590055	4767.520409	0.069510	44949	2.990818	4.360636	256x256	65536	sparse	Otsu	1922	27	85	14741	36.310451	0.934932	34.627270	0.991535	0.753815	0.842597	76	686	0.000000	86	13772	39.016776	0.960717	0.996049	38.026281	0.851425	0.757008	250	20.524541	0.388890	0.832228	18.364576	0.998316	0.423999	-6.151654	0.052286	-8.000446	-0.144799	False	nuclei_033
nuclei_034.png	0.964892	28.414488	0.840600	0.945375	27.962857	0.787442	15828	23	323	609	101	2.295567	14.043478	2030	2330	5225.821864	3.746656	0.069663	-0.026741	0.066205	1631.523848	23	323	-300	609	101	2.295567	14.043478	23	65	2030	2330	1320	2.242842	3.746656	5225.821864	0.069663	45029	2.844895	4.140510	256x256	65536	sparse	Otsu	2030	23	86	15824	36.575974	0.938715	34.958528	0.991634	0.774395	0.842514	76	713	0.000000	87	15152	39.798089	0.967258	0.996584	38.925812	0.820890	0.778773	246	20.311433	0.382448	0.827109	18.361992	0.999975	0.438889	-6.544040	0.102861	-8.613116	-0.151274	False	nuclei_034
nuclei_035.png	0.963653	28.434976	0.842053	0.935356	27.821147	0.783016	15690	23	342	623	94	2.317571	14.869565	2009	2328	5248.602337	3.644287	0.065815	-0.026825	0.057234	1353.031874	23	342	-319	623	94	2.317571	14.869565	23	76	2009	2328	1292	2.254554	3.644287	5248.602337	0.065815	44925	2.863289	4.176928	256x256	65536	sparse	Otsu	2009	23	85	14782	36.299461	0.934147	34.635807	0.990478	0.784819	0.850989	75	735	0.000000	87	14600	39.699188	0.963621	0.996520	39.092846	0.867458	0.789120	246	20.347656	0.386276	0.829946	18.608676	0.999971	0.441630	-6.200831	0.084367	-8.478314	-0.151131	False	nuclei_035
nuclei_036.png	0.963052	28.560678	0.828289	0.969009	28.043487	0.783005	15406	22	362	660	90	2.345353	16.454545	1969	2309	5050.413266	3.700230	0.070471	-0.027122	0.046336	1329.418182	22	362	-340	660	90	2.345353	16.454545	22	81	1969	2309	1219	2.187273	3.700230	5050.413266	0.070471	44757	2.905167	4.253927	256x256	65536	sparse	Otsu	1969	22	85	14564	36.408756	0.933896	34.777772	0.990174	0.781953	0.912465	56	691	0.000000	87	14818	39.764675	0.966371	0.996036	38.802747	0.901404	0.783674	246	20.433935	0.394018	0.830858	18.943897	0.999952	0.437435	-6.217095	0.056545	-8.365269	-0.150891	False	nuclei_036
nuclei_037.png	0.961569	28.429178	0.853484	0.931154	27.653215	0.790302	16533	22	311	579	85	2.257576	14.136364	2244	2533	5747.180722	3.909514	0.061015	-0.030040	0.051865	2137.833357	22	311	-289	579	85	2.257576	14.136364	22	70	2244	2533	1580	2.268923	3.909514	5747.180722	0.061015	44785	2.708825	3.963951	256x256	65536	sparse	Otsu	2244	22	87	16123	36.930204	0.939109	35.472246	0.991609	0.801620	0.846043	74	743	0.000000	88	16016	40.381795	0.970345	0.996657	39.522256	0.847249	0.808409	247	20.346023	0.398851	0.829093	18.707468	0.999950	0.444747	-7.043068	0.085111	-9.276990	-0.148807	False	nuclei_037
nuclei_038.png	0.962456	28.784427	0.840288	0.936787	28.341966	0.779238	14549	21	327	586	68	2.333697	15.571429	1834	2140	4867.060531	4.133068	0.066668	-0.027225	0.033967	1482.274532	21	327	-306	586	68	2.333697	15.571429	20	76	1834	2140	1180	2.274327	4.133068	4867.060531	0.066668	44298	3.044745	4.504502	256x256	65536	sparse	Otsu	1834	20	85	13994	36.616474	0.932353	34.900057	0.989681	0.806321	0.831081	72	628	0.000000	87	14072	39.686133	0.963091	0.995680	38.697555	0.784801	0.808184	247	20.818321	0.420289	0.837045	19.091435	1.000000	0.446975	-6.115630	0.105707	-8.274508	-0.153115	False	nuclei_038
nuclei_039.png	0.958526	28.696273	0.838016	0.956313	28.416850	0.776776	13792	22	253	463	58	2.273373	11.500000	1690	1921	4274.162784	4.229030	0.066092	-0.029393	0.013802	1173.197746	22	253	-231	463	58	2.273373	11.500000	22	63	1690	1921	1169	2.224968	4.229030	4274.162784	0.066092	44393	3.218750	4.751740	256x256	65536	sparse	Otsu	1690	22	84	13573	36.253654	0.926129	34.455984	0.987919	0.824214	0.826408	67	583	0.000000	86	13726	39.175541	0.958562	0.994788	38.136022	0.759424	0.823610	247	20.755119	0.428567	0.830269	18.834834	1.000000	0.454831	-5.759711	0.129906	-7.836804	-0.149353	False	nuclei_039
nuclei_040.png	0.960314	28.356792	0.847077	0.951164	28.079023	0.768801	13611	23	231	414	62	2.254434	10.043478	1635	1843	4347.783008	4.430971	0.067980	-0.027724	0.018441	1383.219719	23	231	-208	414	62	2.254434	10.043478	23	56	1635	1843	1159	2.359079	4.430971	4347.783008	0.067980	44841	3.294468	4.814929	256x256	65536	sparse	Otsu	1635	23	83	13368	35.793008	0.920102	33.937685	0.988038	0.828636	0.835766	65	553	0.000000	85	13262	38.698373	0.954303	0.994927	37.710801	0.814811	0.830184	246	19.952068	0.413218	0.792443	17.962947	0.663303	0.311149	-5.580893	0.115398	-7.713986	-0.151301	False	nuclei_040
nuclei_041.png	0.958121	28.664801	0.854965	0.924954	28.649186	0.768405	12507	23	183	330	49	2.216509	7.956522	1478	1638	3897.096695	4.690673	0.063144	-0.027974	0.018443	1317.434072	23	183	-160	330	49	2.216509	7.956522	23	46	1478	1638	1099	2.379180	4.690673	3897.096695	0.063144	44484	3.556728	5.239946	256x256	65536	sparse	Otsu	1478	23	82	12273	35.733455	0.914385	33.789252	0.986094	0.836522	0.748359	80	519	0.000000	83	11876	37.871901	0.944490	0.992673	36.598468	0.838074	0.833151	245	20.285082	0.433188	0.793522	18.069165	0.626827	0.291438	-5.124451	0.176596	-7.084270	-0.145979	False	nuclei_041
nuclei_042.png	0.953859	28.902260	0.844178	0.901428	28.705917	0.764344	11268	22	146	270	51	2.191063	6.636364	1298	1422	3454.287422	5.193283	0.058028	-0.029748	-0.015534	1216.656208	22	146	-124	270	51	2.191063	6.636364	22	37	1298	1422	977	2.429175	5.193283	3454.287422	0.058028	43724	3.880369	5.816116	256x256	65536	sparse	Otsu	1298	22	81	11088	36.020578	0.910723	33.950929	0.983606	0.859712	0.764342	67	402	0.000000	83	10824	38.028980	0.937364	0.992063	36.967939	0.754663	0.854419	250	21.257159	0.488562	0.839280	20.031910	0.998176	0.459405	-5.048669	0.137086	-7.314661	-0.146380	False	nuclei_042
nuclei_043.png	0.952247	29.342614	0.862688	0.923992	28.395252	0.781872	11170	21	124	227	47	2.143155	5.904762	1439	1542	3262.410687	5.052510	0.041090	-0.031834	-0.011754	1821.898222	21	124	-103	227	47	2.143155	5.904762	21	29	1439	1542	1165	2.115701	5.052510	3262.410687	0.041090	42450	3.800358	5.867144	256x256	65536	sparse	Otsu	1439	21	83	10673	37.046104	0.915778	34.881251	0.984081	0.874441	0.723923	65	342	0.000000	85	10482	38.904628	0.941686	0.991588	37.604713	0.631079	0.868777	249	22.461183	0.552444	0.835560	19.999512	0.984625	0.440663	-5.538637	0.200069	-8.650852	-0.133907	False	nuclei_043
nuclei_044.png	0.956497	29.889959	0.866055	0.885647	29.034605	0.789216	10284	20	81	153	42	2.086097	4.050000	1417	1478	3339.382035	5.573696	0.037494	-0.028534	-0.000795	2116.588831	20	81	-61	153	42	2.086097	4.050000	20	21	1417	1478	1222	2.259392	5.573696	3339.382035	0.037494	41749	4.059607	6.372618	256x256	65536	sparse	Otsu	1417	20	83	10101	37.432873	0.915043	35.105365	0.985031	0.866851	0.538406	101	293	0.000000	85	9906	39.053910	0.939238	0.991641	37.581110	0.566126	0.864408	250	23.451919	0.587805	0.853116	19.968838	0.982403	0.388397	-5.215406	0.347241	-8.398268	-0.125827	False	nuclei_044
nuclei_045.png	0.959774	29.654405	0.871344	0.890995	29.955100	0.772784	8777	19	98	179	50	2.140569	5.157895	1124	1203	2685.921619	5.850915	0.035139	-0.023817	0.004446	1721.315622	19	98	-79	179	50	2.140569	5.157895	19	17	1124	1203	895	2.232686	5.850915	2685.921619	0.035139	42175	4.805173	7.466788	256x256	65536	sparse	Otsu	1124	19	79	8709	36.610937	0.897475	34.113546	0.983591	0.866898	0.612183	72	226	0.000000	83	8554	38.051910	0.922603	0.991056	36.534314	0.506822	0.858714	248	23.309685	0.592636	0.864599	19.275579	0.996609	0.370527	-4.459142	0.278812	-6.655837	-0.124691	False	nuclei_045
nuclei_046.png	0.992021	29.426230	0.711116	0.485083	30.836184	0.751042	6532	24	43	101	74	2.039378	1.791667	965	984	1664.429582	3.454157	0.047969	-0.004199	0.239143	2975.037813	24	43	-19	101	74	2.039378	1.791667	24	4	965	984	790	1.691493	3.454157	1664.429582	0.047969	42299	6.475658	10.033068	256x256	65536	dense	Meijering	965	24	69	6352	35.738942	0.868411	32.467455	0.996219	0.471973	0.421432	100	159	0.000000	79	6442	36.721647	0.890461	0.997775	34.890794	0.380915	0.471990	342	28.165665	0.685604	0.969728	22.061259	0.496947	0.387993	-3.041225	0.063651	-4.902758	-0.117368	False	nuclei_046
nuclei_047.png	0.990722	29.321990	0.707430	0.448521	31.473074	0.752695	6220	21	57	123	76	2.077419	2.714286	930	966	1704.170311	3.630129	0.041203	-0.004512	0.147987	3150.809526	21	57	-36	123	76	2.077419	2.714286	21	3	930	966	731	1.764151	3.630129	1704.170311	0.041203	42285	6.798232	10.536334	256x256	65536	dense	Meijering	930	21	69	6141	35.699196	0.857899	32.226394	0.995234	0.559443	0.355143	110	115	0.000000	78	6016	36.462011	0.877165	0.997233	34.635839	0.296046	0.552187	344	28.452859	0.698437	0.970459	22.091132	0.454229	0.400694	-2.904405	0.093378	-4.226122	-0.105205	False	nuclei_047
nuclei_048.png	0.976310	30.118709	0.698489	0.461588	31.334788	0.747031	6686	16	48	115	70	2.063179	3.000000	1013	1045	4176.059724	7.931167	0.025573	-0.011642	-0.019849	2045.096159	16	48	-32	115	70	2.063179	3.000000	16	0	1013	1045	828	3.996229	7.931167	4176.059724	0.025573	41886	6.264732	9.801974	256x256	65536	sparse	Otsu	1013	16	73	6578	36.177476	0.860601	33.517337	0.987952	0.718338	0.219158	149	93	0.000000	80	6196	36.998262	0.883487	0.993022	35.531626	0.197284	0.711273	277	25.767734	0.629092	0.934128	21.235644	0.442337	0.356756	-3.398628	0.242430	-4.842688	-0.113570	False	nuclei_048
nuclei_049.png	0.992363	30.076117	0.538367	0.370517	32.411793	0.763183	5026	16	94	169	61	2.211382	5.875000	738	816	1463.956346	3.725595	0.044653	-0.003338	-0.048032	2579.377651	16	94	-78	169	61	2.211382	5.875000	16	11	738	816	508	1.794064	3.725595	1463.956346	0.044653	41402	8.237565	13.039395	256x256	65536	dense	Otsu	738	16	64	4875	36.055305	0.848596	32.808706	0.995701	0.586400	0.229626	91	54	0.000000	77	4902	36.571843	0.866323	0.996886	34.338412	0.165673	0.582406	406	31.238957	0.747661	0.982907	24.345378	0.358301	0.459300	-2.732589	0.140891	-3.643512	-0.085414	False	nuclei_049
nuclei_050.png	0.985962	30.213307	0.481127	0.354351	32.811603	0.760830	5104	12	38	81	46	2.065000	3.166667	800	826	2946.980745	7.827036	0.022908	-0.006223	0.027896	1741.921902	12	38	-26	81	46	2.065000	3.166667	12	0	800	826	673	3.567773	7.827036	2946.980745	0.022908	41328	8.097179	12.840125	256x256	65536	sparse	Otsu	800	12	67	5059	36.182326	0.846247	33.087432	0.992186	0.453231	0.225801	54	33	0.000000	78	4622	36.598081	0.859209	0.994754	34.722661	0.178052	0.457216	402	31.648559	0.750113	0.975550	25.436855	0.384303	0.338050	-2.874125	0.128551	-3.370724	-0.085417	False	nuclei_050
nuclei_051.png	0.988270	29.921939	0.102771	0.255882	32.534713	0.753518	4368	11	44	84	45	2.101227	4.000000	652	685	2236.686994	5.751424	0.027931	-0.004554	0.002074	1280.764103	11	44	-33	84	45	2.101227	4.000000	11	2	652	685	523	3.265236	5.751424	2236.686994	0.027931	41589	9.521291	15.003663	256x256	65536	sparse	Otsu	652	11	61	4350	35.758888	0.826068	32.744878	0.992823	0.100697	0.284151	7	1	0.568182	76	3954	36.119135	0.841958	0.994562	33.786865	0.154223	0.102981	468	32.910646	0.751778	0.983636	27.331448	0.589344	0.109433	-2.822939	-0.028269	-3.224175	-0.072549	False	nuclei_051
nuclei_052.png	0.989461	30.138746	0.108267	0.358535	32.643127	0.755582	4453	10	48	112	55	2.108262	4.800000	702	740	2093.731331	5.091569	0.032587	-0.004544	0.003832	1290.973425	10	48	-38	112	55	2.108262	4.800000	10	2	702	740	535	2.829367	5.091569	2093.731331	0.032587	41349	9.285650	14.717269	256x256	65536	sparse	Otsu	702	10	63	4448	35.992144	0.828001	33.480855	0.994005	0.104435	0.516482	3	2	0.650000	76	3806	36.218176	0.837061	0.995051	34.359235	0.313398	0.104618	472	33.590911	0.758450	0.987744	28.520965	0.593430	0.110770	-3.342109	-0.157947	-3.349018	-0.072420	False	nuclei_052
nuclei_053.png	0.986104	30.788367	0.080790	0.361095	32.406045	0.740981	5705	15	101	208	79	2.189845	6.733333	906	992	2720.684841	4.845915	0.035961	-0.006537	0.002457	1400.053978	15	101	-86	208	79	2.189845	6.733333	15	10	906	992	619	2.742626	4.845915	2720.684841	0.035961	41602	7.292200	11.487467	256x256	65536	sparse	Otsu	906	15	71	5642	36.136459	0.833343	34.424600	0.992642	0.078333	0.585217	2	1	0.116667	79	5622	36.712354	0.862952	0.994743	35.734605	0.597476	0.077569	344	31.605449	0.736348	0.979874	25.793562	0.743339	0.094518	-3.636233	-0.224122	-3.730413	-0.092361	False	nuclei_053
nuclei_054.png	0.982797	30.263069	0.065217	0.149275	31.353694	0.702634	7074	15	150	310	104	2.229787	10.000000	1175	1310	3341.683638	4.432989	0.036937	-0.008405	0.001465	1655.140162	15	150	-135	310	104	2.229787	10.000000	15	18	1175	1310	761	2.550904	4.432989	3341.683638	0.036937	42434	5.998586	9.264348	256x256	65536	sparse	Otsu	1175	15	76	7048	35.679435	0.824884	34.434692	0.991202	0.063753	0.454835	3	1	0.127778	80	6854	36.654289	0.870456	0.994561	36.104371	0.364494	0.064270	276	29.030381	0.690653	0.972804	23.278289	0.513248	0.105784	-4.171623	-0.305560	-4.325740	-0.122250	False	nuclei_054
nuclei_055.png	0.987939	30.516630	0.077299	0.271773	32.275760	0.713805	7175	14	171	319	97	2.250199	12.214286	1255	1412	4296.121270	4.819728	0.033105	-0.006798	0.005577	1823.697329	14	171	-157	319	97	2.250199	12.214286	14	18	1255	1412	839	3.042579	4.819728	4296.121270	0.033105	42194	5.880697	9.133937	256x256	65536	sparse	Otsu	1255	14	77	7174	35.947498	0.828741	34.798846	0.994737	0.071723	0.563951	2	2	0.126984	81	6826	37.010646	0.875718	0.996610	36.398544	0.585217	0.072356	275	29.395264	0.706735	0.979015	22.243353	0.738154	0.144078	-4.282216	-0.292177	-3.671738	-0.114935	False	nuclei_055
nuclei_056.png	0.984406	30.804121	0.059453	0.191623	31.628525	0.696559	8122	18	190	364	112	2.244840	10.555556	1405	1577	3968.213129	4.537535	0.040781	-0.008752	0.002122	1811.861515	18	190	-172	364	112	2.244840	10.555556	18	21	1405	1577	929	2.516305	4.537535	3968.213129	0.040781	42422	5.223098	8.068949	256x256	65536	sparse	Otsu	1405	18	79	7873	35.854052	0.828545	35.061469	0.993158	0.057331	0.440102	3	4	0.178571	81	7160	36.966925	0.878058	0.995534	36.578106	0.597476	0.055682	277	30.313553	0.699644	0.977997	24.554208	0.593430	0.104314	-4.257349	-0.248478	-4.225527	-0.131986	False	nuclei_056
nuclei_057.png	0.986146	30.503501	0.062105	0.214944	30.882706	0.657169	8423	17	220	434	124	2.276378	12.941176	1469	1672	4075.214247	4.365554	0.044381	-0.007932	0.004625	1956.848383	17	220	-203	434	124	2.276378	12.941176	17	26	1469	1672	911	2.437329	4.365554	4075.214247	0.044381	43172	5.125490	7.780601	256x256	65536	sparse	Otsu	1469	17	78	8262	35.080704	0.812849	34.473287	0.994078	0.057480	0.680181	2	5	0.154977	80	7974	36.391673	0.875850	0.995922	35.987963	0.500093	0.058129	248	28.117112	0.649523	0.976677	22.499448	1.000000	0.153633	-3.969786	-0.465237	-4.197998	-0.155680	False	nuclei_057
nuclei_058.png	0.987453	29.610009	0.083609	0.079456	30.135349	0.584543	6526	20	212	423	127	2.405491	10.600000	947	1139	2408.770920	3.274856	0.055441	-0.005405	-0.203464	1019.129276	20	212	-192	423	127	2.405491	10.600000	20	22	947	1139	397	2.114812	3.274856	2408.770920	0.055441	44378	6.800184	10.042292	256x256	65536	sparse	Otsu	947	20	66	6422	33.164806	0.745093	32.582558	0.992859	0.287073	0.200245	916	668	0.000000	72	6522	34.172707	0.823378	0.995061	33.750814	0.172963	0.280934	343	30.986356	0.591836	0.985850	28.647172	0.785619	0.082786	-2.972549	-0.120789	-3.029457	-0.160549	False	nuclei_058
nuclei_059.png	0.986510	28.006774	0.599864	0.326558	27.675382	0.459564	7782	18	259	486	125	2.432675	14.388889	1114	1355	2816.458036	3.006272	0.055574	-0.005598	0.305679	1145.437241	18	259	-241	486	125	2.432675	14.388889	18	31	1114	1355	503	2.078567	3.006272	2816.458036	0.055574	46719	6.003470	8.421485	256x256	65536	sparse	Otsu	1114	18	62	7609	30.900080	0.704140	30.507975	0.992108	0.294184	0.207632	1026	890	0.000000	53	7264	31.892042	0.798226	0.993455	31.113774	0.179434	0.286833	278	28.064391	0.445379	0.979765	26.008545	0.999946	0.242988	-2.501201	0.118926	-3.224698	-0.244575	False	nuclei_059
