filename	gt_iou	seg_iou	seg_f1	seg_precision	seg_recall	gt_fg_ssim	gt_fg_psnr	ng_fg_ssim	ng_fg_psnr	ng_iou	ng_topo_q	topo_preservation	ng_psnr	ng_ssim	ng_bytes	graph_n_components	graph_n_cycles	graph_n_junctions	graph_n_endpoints	graph_mean_degree	graph_complexity	n_nodes	n_edges	total_edge_length	mean_width_px	mean_curvature	delta_gt_iou	delta_gt_fg_psnr	delta_gt_fg_ssim	delta_fg_ssim	delta_iou	total_time_ms	self_iou	ng_recon_iou	ng_n_components	ng_n_cycles	ng_euler_characteristic	ng_n_junctions	ng_n_endpoints	ng_mean_degree	ng_graph_complexity	ng_seg_beta_0	ng_seg_beta_1	graph_n_nodes	graph_n_edges	graph_n_sampled	graph_mean_edge_length	graph_mean_width	graph_total_edge_length	graph_mean_curvature	png_bytes	ng_vs_png	ng_vs_raw	image_shape	image_pixels	image_type	segmenter	n_points	n_structures	jpeg_quality	jpeg_bytes	jpeg_psnr	jpeg_ssim	jpeg_fg_psnr	jpeg_fg_ssim	jpeg_iou	jpeg_topo_q	jpeg_beta_0	jpeg_beta_1	jpeg_betti_preservation	webp_quality	webp_bytes	webp_psnr	webp_ssim	webp_fg_ssim	webp_fg_psnr	webp_topo_q	webp_iou	jp2_bytes	jp2_psnr	jp2_ssim	jp2_fg_ssim	jp2_fg_psnr	jp2_topo_q	jp2_iou	delta_fg_psnr	delta_topo_q	delta_psnr	delta_ssim	gt_available	pre_gt_iou	pre_ng_psnr	pre_ng_ssim	pre_ng_fg_psnr	gt_topology_q	recon_topology_q	jpeg_gt_iou	jpeg_gt_fg_psnr	jpeg_gt_fg_ssim	stem
CBMI_002t1_h128_w128.png	0.706155	0.765750	0.867337	0.820227	0.920188	0.994129	25.242988	0.994408	26.360941	0.764317	0.705948	1.142603	28.347623	0.571789	5735	10	1	9	27	1.871429	0.100000	140	131	704.896536	3.903490	0.000000	0.020642	-1.797330	-0.001691	-0.000803	0.034012	6781.116247	0.764317	0.764317	10	1	9	9	27	1.871429	0.100000	10	2	140	131	104	5.380890	3.903490	704.896536	0.000000	47253	8.239407	11.427376	256x256	65536	dense	Learned	699	10	47	5714	30.460093	0.706536	27.072724	0.995211	0.730305	0.643389	18	22	0.000000	42	5644	31.019629	0.772706	0.996390	27.999528	0.448499	0.720761	343	24.286853	0.502018	0.976114	18.186602	0.703290	0.515882	-0.711783	0.062559	-2.112470	-0.134746	True	0.706155	28.349759	0.571812	26.368430	0.594169	0.678899	0.685513	27.040318	0.995820	CBMI_002t1_h128_w128
CBMI_002t1_h128_w384.png	0.304159	0.536377	0.698236	0.562425	0.920516	0.992820	24.311914	0.987031	24.832442	0.507908	0.576132	1.552527	24.896150	0.461495	9196	24	1	10	56	1.809917	0.041667	242	219	1154.045815	4.175360	0.000000	-0.003755	-1.376848	-0.002042	-0.002914	0.001911	3558.596849	0.507908	0.507908	24	1	23	10	56	1.809917	0.041667	24	1	242	219	176	5.269616	4.175360	1154.045815	0.000000	51146	5.561766	7.126577	256x256	65536	dense	Learned	1082	24	51	9151	27.649873	0.717442	25.801787	0.989945	0.505997	0.488178	135	332	0.000000	33	8990	28.754048	0.822449	0.992052	26.630134	0.424311	0.503151	247	17.786941	0.259559	0.927656	12.938707	0.965091	0.290474	-0.969345	0.087954	-2.753723	-0.255947	True	0.304375	24.900578	0.461544	24.836109	0.602705	0.935716	0.307915	25.688761	0.994862	CBMI_002t1_h128_w384
CBMI_002t1_h128_w640.png	0.600058	0.566901	0.723596	0.618042	0.872629	0.990943	25.318656	0.988665	27.346325	0.683326	0.738808	0.878441	25.340074	0.561487	8764	16	4	24	49	1.903614	0.250000	249	237	1199.347330	4.222214	0.000000	0.051705	-3.414770	-0.004354	-0.004127	0.087072	3035.869837	0.683326	0.683326	16	4	12	24	49	1.903614	0.250000	16	3	249	237	176	5.060537	4.222214	1199.347330	0.000000	46438	5.298722	7.477864	256x256	65536	dense	Learned	1109	16	66	8631	31.262063	0.777698	29.139686	0.992792	0.596254	0.505367	66	123	0.000000	57	8722	32.496995	0.859853	0.995392	30.560648	0.369299	0.585151	239	17.885190	0.401838	0.961082	15.312842	1.000000	0.205015	-1.793360	0.233441	-5.921989	-0.216211	True	0.600308	25.341574	0.561365	27.346815	0.643816	0.565554	0.548353	28.733426	0.995297	CBMI_002t1_h128_w640
CBMI_002t1_h384_w128.png	0.756963	0.794633	0.885566	0.888155	0.882992	0.989532	25.433824	0.990920	26.522897	0.791652	0.744271	0.853746	27.980673	0.601074	7039	11	4	11	25	1.919075	0.363636	173	166	873.477272	4.484486	0.000000	-0.001535	-2.119327	-0.003345	-0.001943	0.028192	2975.918531	0.791652	0.791652	11	4	7	11	25	1.919075	0.363636	11	4	173	166	137	5.261911	4.484486	873.477272	0.000000	47552	6.755505	9.310413	256x256	65536	dense	Learned	896	11	55	7007	30.517904	0.744040	27.528781	0.992862	0.763460	0.506244	28	16	0.000000	46	6720	31.333197	0.811651	0.994880	28.759985	0.526214	0.753221	275	20.093749	0.422993	0.939489	14.579637	0.798103	0.385054	-1.005885	0.238027	-2.537231	-0.142966	True	0.756023	27.979263	0.601048	26.528435	0.708503	0.604882	0.758497	27.553152	0.992878	CBMI_002t1_h384_w128
CBMI_002t1_h384_w384.png	0.767589	0.782156	0.877764	0.844811	0.913392	0.995010	23.315722	0.995935	24.532450	0.815030	0.555636	1.181994	26.684616	0.453876	4161	9	1	2	18	1.802469	0.111111	81	73	436.529004	4.425716	0.000000	0.025608	-0.776143	-0.000588	0.000441	0.069248	2111.063480	0.815030	0.815030	9	1	8	2	18	1.802469	0.111111	9	1	81	73	61	5.979849	4.425716	436.529004	0.000000	49414	11.875511	15.750060	256x256	65536	sparse	Learned	423	9	27	4051	27.973852	0.590023	24.187950	0.995494	0.745782	0.507653	14	5	0.000000	20	4156	28.307393	0.660556	0.995843	24.359008	0.688077	0.739650	475	25.901318	0.442373	0.989458	20.049259	0.538143	0.668259	0.344501	0.047983	-1.289236	-0.136147	True	0.767923	26.689920	0.453905	24.533750	0.456649	0.539757	0.741981	24.091866	0.995598	CBMI_002t1_h384_w384
CBMI_003t01_h128_w128.png	0.079307	0.460586	0.630687	0.482781	0.909245	0.996045	23.892726	0.986459	26.886660	0.149364	0.701114	2.244981	25.566300	0.546846	7333	13	3	13	33	1.888268	0.230769	179	169	881.452886	4.602439	0.000000	0.000187	-3.819204	-0.002010	-0.003613	0.000352	3480.606079	0.149364	0.149364	13	3	10	13	33	1.888268	0.230769	13	3	179	169	133	5.215698	4.602439	881.452886	0.000000	38623	5.267012	8.937134	256x256	65536	dense	Learned	941	13	61	7289	31.003975	0.758533	28.380834	0.990072	0.149012	0.667129	1	0	0.038462	55	7060	32.563411	0.867178	0.994838	30.599113	0.667129	0.149012	274	22.136695	0.405920	0.965111	16.622740	0.978506	0.148531	-1.494174	0.033985	-5.437675	-0.211687	True	0.079309	25.569923	0.546927	26.893810	0.442496	0.993395	0.079121	27.711930	0.998055	CBMI_003t01_h128_w128
CBMI_004t01_h128_w128.png	0.157828	0.614189	0.760988	0.698871	0.835224	0.981823	24.057339	0.982810	27.481442	0.188621	0.595139	2.110635	26.378029	0.622745	8288	19	5	12	41	1.861386	0.263158	202	188	956.251875	4.808789	0.000000	0.000545	-5.015534	-0.010000	-0.007035	0.000652	3962.446451	0.188621	0.188621	19	5	14	12	41	1.861386	0.263158	19	5	202	188	149	5.086446	4.808789	956.251875	0.000000	38521	4.647804	7.907336	256x256	65536	dense	Learned	1056	19	69	8037	32.206492	0.808388	29.698415	0.989845	0.187970	0.639405	1	0	0.026316	69	8228	34.108069	0.902566	0.994522	32.028822	0.639405	0.187970	248	19.472838	0.462473	0.946760	15.866271	0.869971	0.172829	-2.216973	-0.044266	-5.828463	-0.185643	True	0.157831	26.381958	0.622823	27.494736	0.448744	0.947134	0.157283	29.072874	0.991823	CBMI_004t01_h128_w128
CBMI_004t01_h128_w384.png	0.165260	0.756003	0.861050	0.844585	0.878170	0.986792	24.440328	0.991852	27.047273	0.171832	0.633280	1.517329	26.340508	0.635374	8161	19	2	14	48	1.849558	0.105263	226	209	1077.661038	4.093592	0.000000	0.002325	-4.833148	-0.007415	-0.003353	0.002417	2551.903486	0.171832	0.171832	19	2	17	14	48	1.849558	0.105263	19	2	226	209	164	5.156273	4.093592	1077.661038	0.000000	38468	4.713638	8.030388	256x256	65536	dense	Learned	986	19	69	8070	32.263522	0.816770	29.327992	0.995205	0.169415	0.639405	1	0	0.026316	67	8104	33.960002	0.904314	0.997416	31.530353	0.639405	0.169415	270	21.178195	0.475678	0.969045	16.534155	0.999714	0.174504	-2.280719	-0.006125	-5.923015	-0.181396	True	0.165257	26.341906	0.635341	27.052731	0.626890	0.951199	0.162936	29.273477	0.994207	CBMI_004t01_h128_w384
CBMI_Captured_CSU488_1_h128_w640.png	0.382703	0.198293	0.330959	0.838691	0.206156	0.918378	12.540706	0.997436	24.225575	0.122065	0.254226	1.456169	20.521842	0.383643	3108	18	1	3	38	1.552632	0.055556	76	59	284.107648	2.621765	0.000000	-0.230636	-10.490323	-0.071626	0.000394	-0.056779	1299.375057	0.122065	0.122065	18	1	17	3	38	1.552632	0.055556	18	0	76	59	35	4.815384	2.621765	284.107648	0.000000	49514	15.931145	21.086229	256x256	65536	sparse	Learned	290	18	17	3090	27.455592	0.592457	23.307195	0.997042	0.178844	0.240335	82	15	0.000000	12	3048	27.507849	0.635672	0.996716	23.138198	0.232348	0.171193	670	23.412086	0.468882	0.990254	17.730381	0.333838	0.149864	0.918380	0.013891	-6.933750	-0.208814	True	0.382523	20.522219	0.383678	24.225042	0.370985	0.540217	0.613339	23.031029	0.990004	CBMI_Captured_CSU488_1_h128_w640
CBMI_Captured_CSU488_1_h128_w896.png	0.317696	0.388073	0.559154	0.808530	0.427346	0.966371	14.347828	0.997234	23.188241	0.573647	0.397786	0.714320	23.939166	0.443658	3544	14	2	9	33	1.757576	0.142857	99	87	392.291414	2.715117	0.000000	-0.198388	-9.264712	-0.028238	-0.000021	0.137009	1504.791498	0.573647	0.573647	14	2	12	9	33	1.757576	0.142857	14	2	99	87	57	4.509097	2.715117	392.291414	0.000000	48141	13.583804	18.492099	256x256	65536	sparse	Learned	349	14	25	3470	28.618023	0.594560	23.136673	0.997254	0.436637	0.206688	52	7	0.000000	21	3278	28.920327	0.637850	0.997546	24.316586	0.229257	0.425349	598	25.952009	0.467548	0.991806	18.327423	0.307473	0.420367	0.051568	0.191098	-4.678857	-0.150902	True	0.317928	23.939196	0.443694	23.187689	0.509525	0.363964	0.516084	23.612541	0.994608	CBMI_Captured_CSU488_1_h128_w896
CBMI_Captured_CSU488_1_h384_w384.png	0.585459	0.651481	0.788966	0.983613	0.658629	0.973177	17.667246	0.994430	23.230042	0.688312	0.622178	0.866449	24.139488	0.444020	6246	15	2	20	46	1.857143	0.133333	182	169	843.335137	2.977631	0.000000	0.000469	-6.152084	-0.017466	-0.000222	0.030516	1798.543215	0.688312	0.688312	15	2	13	20	46	1.857143	0.133333	15	3	182	169	116	4.990149	2.977631	843.335137	0.000000	49524	7.928915	10.492475	256x256	65536	sparse	Learned	566	15	36	6226	27.815081	0.648854	23.412713	0.994652	0.657796	0.340950	46	29	0.000000	25	5964	28.536435	0.732503	0.995656	24.693055	0.308498	0.636782	339	20.642866	0.332431	0.946896	12.951737	0.512029	0.421483	-0.182671	0.281228	-3.675593	-0.204834	True	0.585064	24.136521	0.443993	23.230654	0.574007	0.497348	0.584990	23.819330	0.990643	CBMI_Captured_CSU488_1_h384_w384
CBMI_Captured_CSU488_1_h384_w640.png	0.456301	0.613202	0.760230	0.964098	0.627532	0.952910	17.753004	0.991416	23.863999	0.667539	0.590165	0.667290	23.162339	0.582453	10095	30	2	15	71	1.828221	0.066667	326	298	1524.148412	2.657595	0.000000	-0.085445	-8.408572	-0.037031	-0.002973	0.052635	1825.626612	0.667539	0.667539	30	2	28	15	71	1.828221	0.066667	30	2	326	298	240	5.114592	2.657595	1524.148412	0.000000	50055	4.958395	6.491927	256x256	65536	sparse	Learned	937	30	59	9953	29.532772	0.783366	25.883267	0.994389	0.614903	0.382528	66	41	0.000000	50	10066	31.618081	0.861612	0.997453	29.688491	0.312561	0.607484	246	16.418516	0.275806	0.838069	9.592404	0.716346	0.160712	-2.019268	0.207637	-6.370433	-0.200913	True	0.456374	23.166766	0.582566	23.866737	0.603364	0.402619	0.541746	26.161575	0.989941	CBMI_Captured_CSU488_1_h384_w640
CBMI_Captured_CSU488_1_h640_w384.png	0.567780	0.652395	0.789636	0.836315	0.747892	0.982420	17.702653	0.994000	23.012718	0.593236	0.416669	0.672959	24.621822	0.376628	4944	20	1	10	48	1.734266	0.050000	143	124	587.516811	3.241204	0.000000	-0.055579	-4.689491	-0.010659	0.000600	0.016734	1607.758760	0.593236	0.593236	20	1	19	10	48	1.734266	0.050000	20	1	143	124	85	4.738039	3.241204	587.516811	0.000000	49188	9.949029	13.255663	256x256	65536	sparse	Learned	456	20	27	4834	26.703020	0.566521	22.416393	0.993400	0.576502	0.239779	41	4	0.000000	16	4860	27.263229	0.644926	0.993873	23.245293	0.235427	0.551088	395	22.384176	0.319262	0.972583	15.096932	0.459745	0.459785	0.596324	0.176890	-2.081199	-0.189893	True	0.567993	24.620989	0.376587	23.012577	0.478261	0.321850	0.623360	22.392144	0.993079	CBMI_Captured_CSU488_1_h640_w384
CBMI_Captured_CSU488_1_h640_w640.png	0.547245	0.641505	0.781606	0.827605	0.740451	0.956410	17.600050	0.989121	23.799914	0.574747	0.493619	0.569333	23.031094	0.524344	10752	43	5	29	105	1.798408	0.116279	377	339	1634.592063	2.821261	0.000000	-0.132875	-7.817776	-0.036260	-0.003537	0.031480	2245.520830	0.574747	0.574747	43	5	38	29	105	1.798408	0.116279	43	6	377	339	243	4.821805	2.821261	1634.592063	0.000000	50772	4.722098	6.095238	256x256	65536	sparse	Learned	952	43	57	10595	28.436094	0.768111	25.652991	0.992658	0.543267	0.232026	150	72	0.000000	43	10398	30.439479	0.857439	0.995925	28.727165	0.210102	0.538851	246	16.960251	0.254057	0.839950	10.563537	0.758286	0.200811	-1.853078	0.261592	-5.404999	-0.243768	True	0.547538	23.030948	0.524358	23.800280	0.483294	0.275155	0.680119	25.417826	0.992670	CBMI_Captured_CSU488_1_h640_w640
CBMI_Captured_CSU488_1_h640_w896.png	0.701827	0.666048	0.799554	0.722722	0.894666	0.988106	19.285233	0.992807	22.875895	0.639309	0.500463	0.875593	24.461207	0.440892	7803	26	3	18	65	1.802575	0.115385	233	210	1060.702669	2.956775	0.000000	-0.080342	-3.908059	-0.007683	-0.001094	0.006140	2042.019606	0.639309	0.639309	26	3	23	18	65	1.802575	0.115385	27	2	233	210	150	5.050965	2.956775	1060.702669	0.000000	49954	6.401897	8.398821	256x256	65536	sparse	Learned	699	27	42	7749	27.371429	0.674653	23.588335	0.993901	0.633169	0.269610	79	55	0.000000	28	7782	28.449496	0.778669	0.995388	25.229229	0.236898	0.621156	275	18.978158	0.275333	0.916417	11.306852	0.998271	0.296340	-0.712440	0.230853	-2.910222	-0.233761	True	0.702159	24.464099	0.440910	22.877099	0.457288	0.400398	0.782169	23.193292	0.995789	CBMI_Captured_CSU488_1_h640_w896
CBMI_Captured_CSU488_1_h896_w640.png	0.560431	0.510956	0.676335	0.651096	0.703610	0.979637	14.579029	0.995003	23.341205	0.526484	0.605750	0.584283	23.710534	0.397669	5023	13	3	18	38	1.875776	0.230769	161	151	680.742207	2.987283	0.000000	-0.195634	-7.813301	-0.016953	0.000052	0.070956	1648.336887	0.526484	0.526484	13	3	10	18	38	1.875776	0.230769	13	3	161	151	105	4.508227	2.987283	680.742207	0.000000	44669	8.892893	13.047183	256x256	65536	sparse	Learned	510	13	30	4999	27.443812	0.599247	23.225578	0.994951	0.455527	0.245958	52	9	0.000000	19	4862	27.878774	0.668799	0.994870	23.759991	0.274643	0.443808	407	22.703982	0.356480	0.974792	15.489970	0.432208	0.391341	0.115627	0.359791	-3.733278	-0.201578	True	0.565593	23.710343	0.397691	23.342783	0.503415	0.294136	0.756065	22.392330	0.996589	CBMI_Captured_CSU488_1_h896_w640
CBMI_Captured_CSU488_1_h896_w896.png	0.597254	0.551868	0.711231	0.665882	0.763209	0.972003	15.429889	0.992343	22.940572	0.653580	0.419744	0.981271	22.723149	0.399905	7112	28	2	16	68	1.733333	0.071429	195	169	878.489465	3.230858	0.000000	-0.137480	-7.315746	-0.023316	-0.000482	0.074640	2119.051218	0.653580	0.653580	28	2	26	16	68	1.733333	0.071429	28	2	195	169	111	5.198163	3.230858	878.489465	0.000000	49662	6.982846	9.214848	256x256	65536	sparse	Learned	582	28	35	6963	26.759330	0.651254	23.143228	0.992826	0.578940	0.342327	63	51	0.000000	22	6880	27.590590	0.735744	0.994254	24.474094	0.278722	0.555126	277	18.843129	0.256554	0.925387	12.136958	0.871693	0.307387	-0.202656	0.077417	-4.036181	-0.251348	True	0.597513	22.722370	0.399872	22.942813	0.443343	0.435040	0.734734	22.745635	0.995320	CBMI_Captured_CSU488_1_h896_w896
CBMI_Captured_CSU488_2_h384_w384.png	0.487271	0.583874	0.737274	0.701031	0.777468	0.968342	18.748993	0.990603	29.428940	0.450991	0.469181	0.777335	26.709001	0.810496	7369	36	6	21	83	1.792388	0.166667	289	259	1276.170706	3.035892	0.000000	0.006755	-13.277786	-0.028122	-0.004272	0.083130	2288.034678	0.450991	0.450991	36	6	30	21	83	1.792388	0.166667	36	4	289	259	185	4.927300	3.035892	1276.170706	0.000000	41219	5.593568	8.893473	256x256	65536	sparse	Learned	785	36	77	7354	36.877086	0.916601	32.501029	0.994875	0.367861	0.234327	80	25	0.000000	84	7220	39.005057	0.930226	0.997820	37.084082	0.225331	0.376136	277	22.873429	0.574984	0.883754	16.816883	0.403097	0.104332	-3.072089	0.234854	-10.168085	-0.106105	True	0.487726	26.710549	0.810342	29.434778	0.445056	0.345958	0.480516	32.026779	0.996465	CBMI_Captured_CSU488_2_h384_w384
CBMI_Captured_CSU488_3_h896_w640.png	0.559052	0.504314	0.670491	0.902479	0.533381	0.968309	12.629154	0.998422	25.512005	0.613616	0.316139	0.911027	23.258235	0.760312	3989	20	0	2	42	1.626168	0.000000	107	87	429.587878	2.550399	0.000000	-0.194853	-14.482517	-0.029957	-0.000512	0.119504	1427.186012	0.613616	0.613616	20	0	20	2	42	1.626168	0.000000	20	0	107	87	63	4.937792	2.550399	429.587878	0.000000	42769	10.721735	16.429180	256x256	65536	sparse	Learned	380	20	52	3979	34.588249	0.850096	27.165446	0.998935	0.494111	0.245942	35	2	0.000000	73	3626	36.010643	0.860865	0.999538	31.785052	0.236621	0.488860	541	25.954103	0.711754	0.988428	17.259026	0.250602	0.393768	-1.653442	0.070197	-11.330015	-0.089784	True	0.559690	23.256831	0.760409	25.518192	0.318414	0.290084	0.753904	27.111671	0.998265	CBMI_Captured_CSU488_3_h896_w640
CBMI_Captured_CSU488_4_h128_w640.png	0.503593	0.447157	0.617980	0.814872	0.497719	0.966710	13.922259	0.995740	21.510140	0.494536	0.627183	1.090716	20.886508	0.235533	4458	9	1	8	24	1.850467	0.111111	107	99	491.090404	3.168501	0.000000	-0.174221	-5.848690	-0.024439	0.001970	0.046331	1777.845383	0.494536	0.494536	9	1	8	8	24	1.850467	0.111111	9	1	107	99	75	4.960509	3.168501	491.090404	0.000000	49045	11.001570	14.700763	256x256	65536	sparse	Learned	419	9	17	4308	23.610172	0.497188	19.858293	0.993770	0.448204	0.364233	65	57	0.000000	5	4154	24.012966	0.522764	0.994823	20.809129	0.267949	0.421195	453	21.071320	0.236434	0.981387	15.380443	0.573534	0.395048	1.651847	0.262950	-2.723664	-0.261655	True	0.503447	20.886898	0.235541	21.511533	0.749897	0.817924	0.677814	19.770948	0.991148	CBMI_Captured_CSU488_4_h128_w640
CBMI_Captured_CSU488_4_h384_w384.png	0.215693	0.251148	0.401468	0.715764	0.278970	0.913937	13.715895	0.995866	23.021878	0.568110	0.379978	0.480918	20.670297	0.335839	4771	20	0	11	52	1.694656	0.000000	131	111	521.617316	2.969371	0.000000	-0.389807	-8.872640	-0.073931	0.000328	0.239712	1808.531523	0.568110	0.568110	20	0	20	11	52	1.694656	0.000000	20	0	131	111	68	4.699255	2.969371	521.617316	0.000000	47056	9.862922	13.736324	256x256	65536	sparse	Learned	410	20	22	4673	26.351852	0.624646	22.491254	0.995538	0.328398	0.208554	131	26	0.000000	13	4640	26.637691	0.671241	0.995697	23.041562	0.196998	0.325575	404	20.278573	0.306143	0.970382	14.050411	0.450845	0.219064	0.530624	0.171424	-5.681555	-0.288807	True	0.215644	20.671669	0.335870	23.022546	0.520335	0.250238	0.605500	22.588534	0.987868	CBMI_Captured_CSU488_4_h384_w384
CBMI_Captured_CSU488_4_h384_w640.png	0.287942	0.206507	0.342322	0.546651	0.249182	0.898055	11.286490	0.996077	24.149027	0.224842	0.316139	2.099810	20.160681	0.376307	3811	20	1	12	51	1.680672	0.050000	119	100	416.747258	2.683790	0.000000	-0.294723	-11.835193	-0.094985	0.000229	0.000367	1561.096668	0.224842	0.224842	20	1	19	12	51	1.680672	0.050000	20	0	119	100	56	4.167473	2.683790	416.747258	0.000000	49596	13.013907	17.196536	256x256	65536	sparse	Learned	331	20	20	3758	27.600548	0.637396	23.877329	0.995848	0.224475	0.226699	103	18	0.000000	14	3628	27.718734	0.673881	0.995495	23.719398	0.254915	0.214944	528	21.938671	0.423997	0.981762	17.443156	0.344828	0.176012	0.271699	0.089439	-7.439867	-0.261088	True	0.287223	20.160307	0.376349	24.151852	0.302140	0.634437	0.582665	23.121683	0.993040	CBMI_Captured_CSU488_4_h384_w640
CBMI_Captured_CSU488_4_h640_w384.png	0.389267	0.389714	0.560855	0.620173	0.511893	0.955089	12.968182	0.995318	23.312614	0.447447	0.429932	1.108384	21.891572	0.355441	4964	20	2	11	47	1.767742	0.100000	155	137	631.813275	2.705364	0.000000	-0.201025	-9.483724	-0.039318	0.000430	0.071941	1622.872829	0.447447	0.447447	20	2	18	11	47	1.767742	0.100000	20	2	155	137	97	4.611776	2.705364	631.813275	0.000000	49903	10.052981	13.202256	256x256	65536	sparse	Learned	472	20	25	4771	26.693781	0.592837	22.894643	0.994888	0.375506	0.223384	89	22	0.000000	14	4564	26.904243	0.652628	0.994638	22.962582	0.219761	0.356657	408	21.696695	0.323697	0.969105	14.789114	0.448688	0.270745	0.417971	0.206548	-4.802209	-0.237395	True	0.389705	21.892965	0.355431	23.315953	0.335072	0.371389	0.590292	22.451906	0.994406	CBMI_Captured_CSU488_4_h640_w384
CBMI_Captured_CSU488_4_h640_w640.png	0.370660	0.367821	0.537820	0.688706	0.441167	0.926241	12.351676	0.995051	23.503167	0.510642	0.464739	1.025827	20.558659	0.380903	5655	20	2	9	45	1.763158	0.100000	152	134	702.269119	2.662140	0.000000	-0.268172	-10.649953	-0.066927	0.000160	0.166441	1498.932838	0.510642	0.510642	20	2	18	9	45	1.763158	0.100000	20	2	152	134	98	5.240814	2.662140	702.269119	0.000000	50353	8.904156	11.589036	256x256	65536	sparse	Learned	538	20	28	5639	27.136584	0.660048	23.335795	0.994891	0.344201	0.217797	117	17	0.000000	20	5628	27.646337	0.718914	0.995758	24.408767	0.208281	0.332080	341	19.529429	0.297222	0.957069	13.953214	0.505701	0.199220	0.167372	0.246942	-6.577925	-0.279146	True	0.371538	20.559409	0.380943	23.501343	0.345303	0.354221	0.638832	23.001630	0.993167	CBMI_Captured_CSU488_4_h640_w640
CBMI_Captured_CSU488_4_h896_w128.png	0.636486	0.700615	0.823955	0.729656	0.946245	0.996666	19.900329	0.995614	20.313099	0.687444	0.455743	1.090198	19.792561	0.158358	4620	12	0	4	28	1.741935	0.000000	93	81	423.416306	3.268674	0.000000	0.057150	2.759389	0.002461	0.004358	0.025378	1870.707750	0.687444	0.687444	12	0	12	4	28	1.741935	0.000000	12	1	93	81	61	5.227362	3.268674	423.416306	0.000000	48052	10.400866	14.185281	256x256	65536	sparse	Learned	416	12	12	4222	20.258009	0.423507	17.435903	0.991256	0.662066	0.061731	398	27	0.000000	2	4586	21.084395	0.553930	0.995701	20.338972	0.049307	0.399637	468	19.135740	0.126208	0.982468	14.747603	0.444979	0.695266	2.877196	0.394012	-0.465448	-0.265149	True	0.635480	19.792619	0.158367	20.314626	0.538967	0.587581	0.579336	17.140940	0.994205	CBMI_Captured_CSU488_4_h896_w128
CBMI_Captured_CSU488_4_h896_w384.png	0.464124	0.480033	0.648679	0.514811	0.876633	0.990904	18.284774	0.990411	21.373081	0.590776	0.477954	1.044694	21.686720	0.247060	6738	22	2	15	55	1.787234	0.090909	188	168	813.465079	3.222034	0.000000	-0.001721	-1.818076	-0.003211	0.002279	0.003813	1973.633051	0.590776	0.590776	22	2	20	15	55	1.787234	0.090909	22	2	188	168	118	4.842054	3.222034	813.465079	0.000000	48759	7.236420	9.726328	256x256	65536	sparse	Learned	564	22	24	6595	23.207328	0.558610	20.492123	0.988132	0.586963	0.117092	322	72	0.000000	9	6576	24.162320	0.661129	0.993571	23.211595	0.071646	0.490598	278	19.759241	0.145084	0.948704	14.059878	0.819736	0.286303	0.880958	0.360862	-1.520608	-0.311549	True	0.464033	21.686757	0.247085	21.373686	0.366386	0.382762	0.465845	20.102850	0.994115	CBMI_Captured_CSU488_4_h896_w384
CBMI_Captured_CSU488_5_h384_w384.png	0.496556	0.465022	0.634832	0.516086	0.824554	0.982964	15.654159	0.995659	25.962740	0.464240	0.406020	0.604515	26.962833	0.665120	5200	22	0	5	49	1.698630	0.000000	146	124	637.570635	2.718981	0.000000	-0.095144	-10.686448	-0.015541	-0.001113	0.021928	2078.828335	0.464240	0.464240	22	0	22	5	49	1.698630	0.000000	22	0	146	124	92	5.141699	2.718981	637.570635	0.000000	45178	8.688077	12.603077	256x256	65536	sparse	Learned	578	22	53	5133	32.552333	0.766351	27.310314	0.996772	0.442312	0.191311	47	3	0.000000	60	4770	33.584858	0.798740	0.997937	30.576758	0.164477	0.431904	408	25.048353	0.589725	0.968331	16.635813	0.274432	0.337003	-1.347574	0.214709	-5.589500	-0.101231	True	0.496386	26.962026	0.665165	25.965461	0.285293	0.172464	0.591700	26.340607	0.998506	CBMI_Captured_CSU488_5_h384_w384
CBMI_Captured_CSU488_5_h384_w640.png	0.383929	0.321341	0.486386	0.478685	0.494340	0.972997	11.170743	0.997806	26.273000	0.480702	0.462056	1.154705	25.320997	0.675965	2460	7	0	2	16	1.754386	0.000000	57	50	236.509668	3.309519	0.000000	-0.240139	-14.195789	-0.025867	-0.000070	0.118633	1721.076727	0.480702	0.480702	7	0	7	2	16	1.754386	0.000000	7	0	57	50	39	4.730193	3.309519	236.509668	0.000000	43842	17.821951	26.640650	256x256	65536	sparse	Learned	312	7	31	2443	33.034629	0.748859	26.621352	0.997876	0.362069	0.203193	28	1	0.000000	52	2346	33.895343	0.766337	0.998699	29.806804	0.196636	0.356880	3678	34.345814	0.766796	0.999456	34.446428	0.170537	0.352334	-0.348352	0.258863	-7.713632	-0.072895	True	0.383714	25.321946	0.676024	26.273893	0.263160	0.303872	0.624068	25.366532	0.998863	CBMI_Captured_CSU488_5_h384_w640
CBMI_Captured_CSU488_5_h640_w384.png	0.521556	0.463614	0.633519	0.516242	0.819745	0.979222	14.633514	0.993204	25.845643	0.497995	0.423462	0.736497	24.890560	0.664806	6472	27	2	14	64	1.753695	0.074074	203	178	870.092496	3.010966	0.000000	-0.077796	-11.966102	-0.018679	-0.002006	0.047896	1834.545135	0.497995	0.497995	27	2	25	14	64	1.753695	0.074074	28	2	203	178	125	4.888160	3.010966	870.092496	0.000000	46138	7.128863	10.126082	256x256	65536	sparse	Learned	596	28	57	6308	32.143947	0.789344	27.469094	0.995210	0.450099	0.175106	72	12	0.000000	61	6332	33.513300	0.832115	0.997237	30.834186	0.201432	0.446955	342	21.251472	0.473863	0.930555	14.083797	0.362903	0.308343	-1.623451	0.248356	-7.253388	-0.124537	True	0.521527	24.891553	0.664842	25.849782	0.282146	0.207800	0.599351	26.599616	0.997901	CBMI_Captured_CSU488_5_h640_w384
CBMI_Captured_CSU488_5_h640_w640.png	0.475927	0.446993	0.617823	0.588223	0.650560	0.951003	13.036836	0.995035	26.151873	0.561582	0.355964	0.807262	23.016788	0.654063	6411	34	3	8	71	1.693069	0.088235	202	171	835.293506	2.623948	0.000000	-0.155336	-13.850393	-0.046509	-0.001321	0.117471	1650.855064	0.561582	0.561582	34	3	31	8	71	1.693069	0.088235	34	2	202	171	123	4.884757	2.623948	835.293506	0.000000	45877	7.155982	10.222430	256x256	65536	sparse	Learned	634	34	57	6380	32.606053	0.823866	27.546425	0.996356	0.444111	0.233921	68	5	0.000000	66	6344	34.145462	0.850012	0.998124	31.586190	0.205635	0.440182	344	20.654890	0.459215	0.934110	13.592682	0.346230	0.233128	-1.394552	0.122042	-9.589265	-0.169803	True	0.476239	23.017874	0.654268	26.150151	0.313692	0.253231	0.631263	26.887229	0.997512	CBMI_Captured_CSU488_5_h640_w640
CBMI_Captured_CSU488_5_h640_w896.png	0.647610	0.630370	0.773285	0.695830	0.870143	0.995001	18.610039	0.996809	23.853475	0.532587	0.501424	0.672940	27.073051	0.440263	3492	10	1	5	23	1.777778	0.100000	81	72	388.705627	3.080614	0.000000	-0.068672	-4.082477	-0.002690	0.000185	0.009475	1342.544079	0.532587	0.532587	10	1	9	5	23	1.777778	0.100000	10	1	81	72	53	5.398689	3.080614	388.705627	0.000000	47951	13.731672	18.767468	256x256	65536	sparse	Learned	366	10	26	3489	28.434121	0.564193	23.401852	0.996624	0.523112	0.288230	16	5	0.000000	22	3400	28.938154	0.622511	0.997062	24.779285	0.259826	0.518421	601	27.045202	0.430716	0.991900	20.156517	0.449815	0.509818	0.451622	0.213195	-1.361070	-0.123929	True	0.648422	27.074566	0.440274	23.856409	0.455165	0.306299	0.716281	22.692515	0.997691	CBMI_Captured_CSU488_5_h640_w896
CBMI_Captured_CSU488_5_h896_w384.png	0.641945	0.665339	0.799043	0.738394	0.870547	0.991652	17.191494	0.996748	23.261979	0.692962	0.536472	1.376902	26.394968	0.476836	3611	9	1	10	27	1.827957	0.111111	93	85	387.119841	3.485273	0.000000	-0.086436	-5.356666	-0.006190	0.000173	0.015086	1631.929398	0.692962	0.692962	9	1	8	10	27	1.827957	0.111111	9	1	93	85	56	4.554351	3.485273	387.119841	0.000000	47989	13.289670	18.148989	256x256	65536	sparse	Learned	335	9	27	3459	28.849334	0.590786	22.943332	0.996575	0.677877	0.371369	19	8	0.000000	25	3520	29.457060	0.654490	0.997309	24.651969	0.418839	0.678442	605	26.930513	0.471411	0.991073	19.153374	0.352376	0.654333	0.318647	0.165103	-2.454366	-0.113950	True	0.642389	26.394597	0.476876	23.261244	0.456649	0.628761	0.728381	22.548160	0.997842	CBMI_Captured_CSU488_5_h896_w384
CBMI_Captured_CSU488_6_h384_w640.png	0.643809	0.666818	0.800109	0.812109	0.788458	0.978248	16.695636	0.997027	27.768927	0.652018	0.552912	0.719108	25.819210	0.855996	7140	24	3	15	59	1.822034	0.125000	236	215	1088.803174	2.513958	0.000000	-0.160658	-14.996904	-0.020876	-0.001816	0.053805	1514.266253	0.652018	0.652018	24	3	21	15	59	1.822034	0.125000	24	2	236	215	162	5.064201	2.513958	1088.803174	0.000000	38670	5.415966	9.178711	256x256	65536	sparse	Learned	718	24	80	7102	38.548667	0.951737	32.026832	0.998842	0.598213	0.376516	37	7	0.000000	88	6962	41.264590	0.954121	0.999579	38.354241	0.333182	0.595246	274	18.444068	0.387811	0.902436	10.412937	0.694763	0.253567	-4.257905	0.176396	-12.729458	-0.095741	True	0.644035	25.824709	0.856104	27.772546	0.527971	0.379668	0.804467	31.692540	0.999124	CBMI_Captured_CSU488_6_h384_w640
CBMI_Captured_CSU488_6_h384_w896.png	0.477910	0.716369	0.834749	0.913748	0.768323	0.976970	20.688367	0.993950	29.328581	0.520018	0.489209	0.701800	26.841158	0.858777	10104	39	0	16	94	1.753165	0.000000	316	277	1495.917964	2.864215	0.000000	-0.036384	-13.620856	-0.020738	-0.003898	0.009700	3394.869328	0.520018	0.520018	39	0	39	16	94	1.753165	0.000000	39	0	316	277	206	5.400426	2.864215	1495.917964	0.000000	39076	3.867379	6.486144	256x256	65536	sparse	Learned	1168	39	85	9728	39.337040	0.963729	34.429127	0.997848	0.510318	0.287493	58	6	0.000000	91	9552	42.633111	0.969206	0.999345	40.811640	0.273390	0.510493	247	17.353018	0.308170	0.832459	10.723461	0.884213	0.207846	-5.100546	0.201716	-12.495883	-0.104952	True	0.478100	26.840843	0.859654	29.331449	0.459179	0.322252	0.514294	34.309223	0.997708	CBMI_Captured_CSU488_6_h384_w896
CBMI_Captured_CSU488_6_h640_w640.png	0.333623	0.402403	0.573876	0.605795	0.545152	0.924748	13.027512	0.995257	29.429395	0.353972	0.246373	0.811757	22.578944	0.738588	6256	49	0	6	105	1.535545	0.000000	211	162	749.867099	2.747474	0.000000	-0.320827	-18.397816	-0.073671	-0.002382	0.060333	1824.344397	0.353972	0.353972	49	0	49	6	105	1.535545	0.000000	49	1	211	162	100	4.628809	2.747474	749.867099	0.000000	38621	6.173434	10.475703	256x256	65536	sparse	Learned	610	49	73	6149	38.195887	0.953107	32.820588	0.997638	0.293639	0.156673	75	3	0.000000	85	5760	40.339539	0.955332	0.998652	37.136506	0.164730	0.294859	324	20.074392	0.472529	0.910949	13.241500	0.404819	0.159436	-3.391192	0.089700	-15.616943	-0.214519	True	0.333449	22.579764	0.739347	29.431683	0.198907	0.161464	0.654450	31.425329	0.998419	CBMI_Captured_CSU488_6_h640_w640
CBMI_Captured_CSU488_7_h384_w640.png	0.394420	0.490933	0.658558	0.599322	0.730788	0.975069	17.538400	0.994697	29.402936	0.360678	0.398302	0.952107	27.528569	0.846255	6206	29	4	11	63	1.744898	0.137931	196	171	838.796031	2.784817	0.000000	-0.117770	-14.664783	-0.023182	-0.002560	0.019030	2627.659321	0.360678	0.360678	29	4	25	11	63	1.744898	0.137931	30	2	196	171	122	4.905240	2.784817	838.796031	0.000000	38816	6.254592	10.560103	256x256	65536	sparse	Learned	779	30	77	6082	38.345685	0.928067	33.050169	0.997257	0.341647	0.261423	33	6	0.000000	86	6110	40.315899	0.938788	0.998717	38.186595	0.258310	0.343160	339	23.592499	0.656790	0.933122	15.919343	0.312104	0.241049	-3.647233	0.136879	-10.817116	-0.081812	True	0.396042	27.529170	0.846325	29.403914	0.337246	0.321094	0.512190	32.203184	0.998251	CBMI_Captured_CSU488_7_h384_w640
CBMI_cell10_1_h141_w145.png	0.746611	0.781612	0.877421	0.820159	0.943279	0.997540	30.100153	0.997894	31.579577	0.814282	0.877271	1.123155	31.741629	0.887403	8105	9	4	19	29	1.951456	0.444444	206	201	1074.447835	3.700874	0.000000	0.002891	-4.909146	-0.001774	-0.001228	0.024598	2922.651529	0.814282	0.814282	9	4	5	19	29	1.951456	0.444444	9	4	206	201	158	5.345512	3.700874	1074.447835	0.000000	40102	4.947810	8.085873	256x256	65536	dense	Learned	1142	9	83	8055	39.165345	0.940506	35.165005	0.999122	0.789684	0.883516	8	8	0.444444	87	7608	40.134515	0.948943	0.999483	37.570484	0.858514	0.787130	276	19.929926	0.493282	0.945258	13.624801	0.973083	0.393303	-3.585428	-0.006245	-7.423716	-0.053103	True	0.747403	31.739955	0.887584	31.584895	0.766494	0.860891	0.743720	35.009300	0.999314	CBMI_cell10_1_h141_w145
CBMI_cell10_1_h154_w394.png	0.521603	0.701751	0.824740	0.725005	0.956292	0.997465	29.850642	0.996590	31.217351	0.638926	0.676379	1.452301	29.544697	0.856405	9534	22	3	15	53	1.864769	0.136364	281	262	1421.650937	3.734933	0.000000	0.014313	-4.822936	-0.001577	-0.001794	0.015478	2832.865715	0.638926	0.638926	22	3	19	15	53	1.864769	0.136364	22	3	281	262	213	5.426149	3.734933	1421.650937	0.000000	42190	4.425215	6.873925	256x256	65536	dense	Learned	1226	22	82	9261	37.726376	0.935579	34.804419	0.998384	0.623448	0.764254	20	26	0.000000	85	8930	38.849138	0.948257	0.998991	36.904543	0.787752	0.619063	247	17.438399	0.381912	0.918248	12.703743	0.839265	0.272957	-3.587068	-0.087875	-8.181678	-0.079174	True	0.521324	29.546003	0.856766	31.235696	0.604244	0.877544	0.507289	34.673578	0.999042	CBMI_cell10_1_h154_w394
CBMI_cell10_1_h395_w252.png	0.731315	0.715060	0.833860	0.738255	0.957910	0.998949	26.778372	0.998852	29.828174	0.744645	0.465356	1.060848	32.157256	0.834007	3931	13	5	9	25	1.851852	0.384615	108	100	462.374675	3.433494	0.000000	0.018488	-4.539034	-0.000685	-0.000374	0.019885	1669.656038	0.744645	0.744645	13	5	8	9	25	1.851852	0.384615	13	6	108	100	74	4.623747	3.433494	462.374675	0.000000	41026	10.436530	16.671585	256x256	65536	sparse	Learned	414	13	61	3889	36.649683	0.870417	31.670628	0.999226	0.724760	0.574413	7	3	0.519231	79	3902	37.185780	0.881941	0.999453	33.748000	0.621458	0.725357	539	30.774206	0.793348	0.993035	23.243652	0.554506	0.664031	-1.842454	-0.109057	-4.492427	-0.036410	True	0.731714	32.173793	0.834206	29.828665	0.560668	0.594783	0.712827	31.317406	0.999634	CBMI_cell10_1_h395_w252
CBMI_cell5_h192_w383.png	0.538696	0.653875	0.790719	0.663901	0.977424	0.997564	24.500575	0.995583	24.819861	0.712655	0.915415	1.235322	27.609975	0.472478	4347	4	5	15	13	2.017699	1.250000	113	114	559.203102	3.983666	0.000000	-0.031655	-0.052051	-0.000168	0.000081	-0.043343	2340.910673	0.712655	0.712655	4	5	-1	15	13	2.017699	1.250000	4	5	113	114	85	4.905290	3.983666	559.203102	0.000000	48457	11.147228	15.076144	256x256	65536	sparse	Learned	532	4	32	4284	28.825074	0.611437	24.734046	0.995502	0.755998	0.681342	11	13	0.000000	26	4082	29.146018	0.675452	0.995773	25.127792	0.686961	0.750309	466	27.047971	0.459908	0.989814	21.271759	0.838782	0.695463	0.085815	0.234073	-1.215099	-0.138960	True	0.538947	27.615290	0.472557	24.825979	0.642099	0.793199	0.570351	24.552626	0.997732	CBMI_cell5_h192_w383
CBMI_cell5_h398_w400.png	0.593813	0.674392	0.805536	0.686350	0.974816	0.996911	25.068259	0.993810	25.623213	0.775111	0.748421	0.977879	27.738759	0.532995	6216	10	2	12	28	1.901235	0.200000	162	154	761.529004	4.097626	0.000000	0.011556	-1.008068	-0.000669	-0.000897	0.010668	2465.131998	0.775111	0.775111	10	2	8	12	28	1.901235	0.200000	10	2	162	154	122	4.944994	4.097626	761.529004	0.000000	48128	7.742600	10.543115	256x256	65536	dense	Learned	776	10	46	6135	29.722726	0.690092	26.236265	0.994706	0.764443	0.412190	37	23	0.000000	39	6112	30.510884	0.771486	0.996198	27.525405	0.436663	0.752993	339	23.447845	0.458442	0.975064	17.168049	0.867786	0.532125	-0.613051	0.336232	-1.983967	-0.157098	True	0.593989	27.742027	0.533058	25.627006	0.579249	0.566435	0.582257	26.076326	0.997580	CBMI_cell5_h398_w400
CBMI_cell5_h447_w179.png	0.650244	0.695515	0.820417	0.711866	0.968030	0.994507	24.570852	0.990807	25.227664	0.806115	0.783735	1.316692	25.818077	0.572220	10601	16	7	16	35	1.934066	0.437500	273	264	1417.136218	3.937831	0.000000	0.007658	-2.148824	-0.002329	-0.003129	0.004244	3267.961502	0.806115	0.806115	16	7	9	16	35	1.934066	0.437500	16	6	273	264	222	5.367940	3.937831	1417.136218	0.000000	49843	4.701726	6.182058	256x256	65536	dense	Learned	1296	16	61	10452	29.102191	0.776298	26.867640	0.993936	0.801871	0.629850	39	74	0.000000	47	10572	31.024383	0.880017	0.996639	29.241813	0.537136	0.793103	249	15.945153	0.265583	0.894445	10.954915	0.950954	0.316012	-1.639977	0.153885	-3.284114	-0.204078	True	0.650432	25.819296	0.572173	25.233332	0.579538	0.763072	0.642586	26.719676	0.996836	CBMI_cell5_h447_w179
CBMI_cell7_1_h139_w249.png	0.687892	0.761305	0.864479	0.802374	0.937003	0.996886	25.019430	0.996294	26.283191	0.769579	0.492315	0.792805	28.436465	0.607252	6522	19	4	6	37	1.806452	0.210526	155	140	735.281313	3.660290	0.000000	-0.006317	-2.270609	-0.001348	-0.000872	0.025827	2257.348061	0.769579	0.769579	19	4	15	6	37	1.806452	0.210526	19	3	155	140	112	5.252009	3.660290	735.281313	0.000000	47078	7.218338	10.048451	256x256	65536	dense	Learned	757	19	53	6518	30.870168	0.737996	27.392520	0.997166	0.743753	0.443358	24	9	0.000000	46	6498	31.608846	0.803168	0.997920	28.909002	0.486320	0.737201	341	22.042492	0.474295	0.961449	14.603786	0.495550	0.468958	-1.109329	0.048957	-2.433703	-0.130745	True	0.688042	28.437265	0.607240	26.283974	0.489314	0.387930	0.694208	27.290039	0.998234	CBMI_cell7_1_h139_w249
CBMI_cell7_1_h141_w570.png	0.728266	0.716723	0.834990	0.745564	0.948791	0.997374	23.659353	0.996753	24.769170	0.783839	0.511748	0.670364	27.238973	0.488160	4822	13	2	6	28	1.803571	0.153846	112	101	530.386868	3.626485	0.000000	0.034634	-0.957989	-0.000744	-0.000065	0.050020	1987.681150	0.783839	0.783839	13	2	11	6	28	1.803571	0.153846	13	2	112	101	78	5.251355	3.626485	530.386868	0.000000	48463	10.050394	13.591041	256x256	65536	sparse	Learned	479	13	33	4727	28.794998	0.630659	24.897429	0.996817	0.733819	0.422746	19	8	0.000000	27	4800	29.194072	0.710610	0.997248	25.419917	0.458277	0.725000	399	24.349936	0.446934	0.983824	16.922885	0.479376	0.550381	-0.128259	0.089001	-1.556025	-0.142499	True	0.728830	27.242732	0.488247	24.769556	0.489685	0.328267	0.693632	24.617342	0.998119	CBMI_cell7_1_h141_w570
CBMI_cell7_h141_w151.png	0.611973	0.674265	0.805446	0.688234	0.970777	0.997407	25.336125	0.995032	25.772961	0.815436	0.875278	1.316870	27.081178	0.603963	9875	12	4	26	42	1.945205	0.333333	292	284	1415.798123	3.476866	0.000000	0.041679	-2.184886	-0.001079	-0.001688	0.049402	2405.606508	0.815436	0.815436	12	4	8	26	42	1.945205	0.333333	12	4	292	284	224	4.985205	3.476866	1415.798123	0.000000	48682	4.929823	6.636557	256x256	65536	dense	Learned	1240	12	64	9784	30.226347	0.783128	27.582885	0.996720	0.766034	0.484840	61	65	0.000000	53	9850	31.764443	0.873539	0.997953	29.625776	0.432856	0.757504	244	16.574424	0.310093	0.924481	11.566026	0.982166	0.303248	-1.809924	0.390437	-3.145169	-0.179165	True	0.611912	27.085697	0.603977	25.778685	0.573652	0.755425	0.570293	27.521011	0.998486	CBMI_cell7_h141_w151
CBMI_cell7_h387_w157.png	0.697865	0.752427	0.858726	0.769868	0.970772	0.998110	24.255593	0.997332	24.810305	0.834732	0.765430	1.073051	27.660512	0.529179	4841	8	3	4	14	1.918699	0.375000	123	118	645.416306	3.381663	0.000000	0.053251	-0.590636	-0.000264	-0.000073	0.070316	1731.079817	0.834732	0.834732	8	3	5	4	14	1.918699	0.375000	8	3	123	118	105	5.469630	3.381663	645.416306	0.000000	48254	9.967775	13.537699	256x256	65536	sparse	Learned	542	8	35	4747	29.314015	0.655023	24.991558	0.997404	0.764416	0.734049	9	5	0.604167	32	4576	29.818594	0.718710	0.997978	26.221758	0.763546	0.765847	404	24.801845	0.489362	0.989604	17.844964	0.936708	0.620836	-0.181253	0.031380	-1.653503	-0.125843	True	0.697499	27.659349	0.529149	24.812843	0.757074	0.812379	0.644614	24.846229	0.998374	CBMI_cell7_h387_w157
CBMI_mito1_12_h384_w128.png	0.508920	0.553013	0.712181	0.678449	0.749442	0.992963	24.112214	0.998361	31.916681	0.570567	0.515579	0.719484	32.212055	0.912712	6636	25	0	3	53	1.759615	0.000000	208	183	972.541197	2.544057	0.000000	-0.042164	-14.297198	-0.006811	-0.001295	0.015050	2054.169893	0.570567	0.570567	25	0	25	3	53	1.759615	0.000000	25	0	208	183	152	5.314433	2.544057	972.541197	0.000000	31301	4.716847	9.875829	256x256	65536	sparse	Learned	835	25	84	6607	44.303209	0.980534	38.708543	0.999656	0.555517	0.412919	27	2	0.000000	92	6016	44.832865	0.978764	0.999723	41.444999	0.368716	0.557243	278	21.111079	0.486306	0.938372	12.457412	0.626353	0.273374	-6.791862	0.102659	-12.091154	-0.067822	True	0.508341	32.225202	0.913143	31.913473	0.561661	0.404106	0.551084	38.409412	0.999775	CBMI_mito1_12_h384_w128
CBMI_mito1_12_h896_w128.png	0.617296	0.538912	0.700380	0.605380	0.830747	0.995966	25.832270	0.997941	33.596797	0.479779	0.461338	0.781885	32.945230	0.922269	7412	30	3	8	63	1.753425	0.100000	219	192	1096.751442	2.927677	0.000000	-0.061066	-13.679853	-0.003849	-0.001634	-0.015226	2724.889994	0.479779	0.479779	30	3	27	8	63	1.753425	0.100000	30	2	219	192	148	5.712247	2.927677	1096.751442	0.000000	33214	4.481112	8.841878	256x256	65536	sparse	Learned	918	30	86	7228	44.645357	0.980613	40.445147	0.999575	0.495005	0.386498	28	2	0.966667	93	7098	45.118847	0.980164	0.999637	42.588070	0.374351	0.494863	279	21.858264	0.666587	0.916299	13.773125	0.582443	0.214967	-6.848351	0.074840	-11.700127	-0.058345	True	0.618424	32.963301	0.922014	33.609367	0.490945	0.383863	0.678361	39.512123	0.999815	CBMI_mito1_12_h896_w128
CBMI_mito1_12_h896_w384.png	0.543270	0.607197	0.755597	0.726682	0.786910	0.987029	21.267303	0.997875	32.531527	0.619004	0.742114	0.871826	27.099530	0.884999	10000	21	2	25	63	1.886567	0.095238	335	316	1683.594155	2.976709	0.000000	-0.040078	-18.554543	-0.012576	-0.001712	-0.007146	2013.314247	0.619004	0.619004	21	2	19	25	63	1.886567	0.095238	21	2	335	316	247	5.327830	2.976709	1683.594155	0.000000	36204	3.620400	6.553600	256x256	65536	dense	Learned	1224	21	88	9633	43.688761	0.984512	39.845712	0.999587	0.626150	0.637179	26	7	0.000000	93	9154	44.530610	0.983771	0.999706	42.338063	0.609911	0.623626	249	17.824490	0.427468	0.903613	12.446492	0.999997	0.255079	-7.314185	0.104935	-16.589231	-0.099514	True	0.543615	27.096786	0.884986	32.542995	0.811753	0.707707	0.583348	39.821846	0.999606	CBMI_mito1_12_h896_w384
CBMI_mito1_12_h896_w640.png	0.596616	0.682745	0.811466	0.829295	0.794388	0.995054	24.740525	0.998775	31.654648	0.631057	0.687349	0.933504	30.788352	0.919000	7173	15	0	13	43	1.846939	0.000000	196	181	1001.560533	2.877743	0.000000	-0.029643	-14.503843	-0.004710	-0.000999	-0.024962	1920.176744	0.631057	0.631057	15	0	15	13	43	1.846939	0.000000	15	0	196	181	140	5.533484	2.877743	1001.560533	0.000000	33057	4.608532	9.136484	256x256	65536	dense	Learned	938	15	87	7154	44.469317	0.981076	39.160999	0.999773	0.656019	0.645129	15	2	0.000000	92	5896	44.607094	0.978543	0.999818	41.000625	0.646545	0.659021	279	21.240355	0.523764	0.950170	13.832412	0.835799	0.355679	-7.506351	0.042220	-13.680965	-0.062076	True	0.596339	30.784381	0.919319	31.654438	0.693105	0.647016	0.626260	39.244368	0.999764	CBMI_mito1_12_h896_w640
CBMI_mito1_218_h384_w128.png	0.443948	0.489460	0.657231	0.909186	0.514619	0.971885	18.733869	0.998472	32.341425	0.522541	0.402001	0.957294	26.348496	0.887840	5734	23	0	10	56	1.714286	0.000000	161	138	680.399062	3.175594	0.000000	-0.131026	-23.459562	-0.027814	-0.001357	0.068942	1967.801094	0.522541	0.522541	23	0	23	10	56	1.714286	0.000000	24	0	161	138	95	4.930428	3.175594	680.399062	0.000000	23071	4.023544	11.429369	256x256	65536	dense	Learned	682	24	86	5699	47.920287	0.993099	42.209247	0.999829	0.453599	0.313398	35	1	0.270833	95	5264	48.450928	0.992913	0.999847	43.933871	0.328530	0.456372	339	23.344382	0.645916	0.960645	16.219072	0.563554	0.335452	-9.867822	0.088604	-21.571791	-0.105259	True	0.444444	26.350423	0.888076	32.362494	0.457667	0.438122	0.574974	42.193431	0.999699	CBMI_mito1_218_h384_w128
CBMI_mito1_218_h384_w384.png	0.439502	0.585985	0.738954	0.824619	0.669413	0.992444	21.781595	0.998270	33.272888	0.397845	0.411160	0.675101	30.996246	0.951490	5309	25	2	13	61	1.734104	0.080000	173	150	745.109740	2.837555	0.000000	0.020301	-21.164824	-0.007354	-0.001550	0.011316	2077.439070	0.397845	0.397845	25	2	23	13	61	1.734104	0.080000	25	1	173	150	99	4.967398	2.837555	745.109740	0.000000	19257	3.627237	12.344321	256x256	65536	sparse	Learned	642	25	89	4974	49.709003	0.994523	43.280790	0.999821	0.386530	0.313721	17	0	0.340000	97	4790	50.209059	0.992011	0.999861	46.459266	0.295312	0.384221	405	29.528432	0.864812	0.971872	21.146994	0.258123	0.321129	-10.007902	0.097439	-18.712757	-0.043033	True	0.439066	30.989290	0.953488	33.300243	0.516482	0.348677	0.419202	42.946418	0.999798	CBMI_mito1_218_h384_w384
CBMI_mito1_h287_w632.png	0.306140	0.469424	0.638922	0.491585	0.912381	0.997654	22.965088	0.996888	29.850674	0.569286	0.571158	2.440709	30.793340	0.804425	5207	11	1	9	29	1.830508	0.090909	118	108	571.558441	3.997468	0.000000	0.020160	-8.175453	-0.001931	-0.000829	0.046953	2599.746704	0.569286	0.569286	11	1	10	9	29	1.830508	0.090909	12	1	118	108	80	5.292208	3.997468	571.558441	0.000000	42040	8.073747	12.586134	256x256	65536	dense	Learned	667	12	67	5065	35.853303	0.862230	31.866464	0.997717	0.522333	0.721635	17	19	0.000000	78	4906	36.476271	0.879608	0.998453	33.467443	0.658946	0.529522	408	27.856188	0.757361	0.988303	20.513082	0.753403	0.449447	-2.015790	-0.150477	-5.059963	-0.057805	True	0.300845	30.804730	0.804643	29.852758	0.316139	0.771602	0.285979	31.140541	0.999585	CBMI_mito1_h287_w632
CBMI_mito1_h568_w439.png	0.468516	0.616215	0.762541	0.639152	0.944968	0.997467	24.682575	0.998058	29.468966	0.640436	0.605446	1.776267	30.372928	0.844872	7219	16	3	15	42	1.856354	0.187500	181	168	842.251875	3.437231	0.000000	-0.002584	-7.702829	-0.002097	-0.000917	0.006463	2743.503094	0.640436	0.640436	16	3	13	15	42	1.856354	0.187500	16	2	181	168	124	5.013404	3.437231	842.251875	0.000000	41636	5.767558	9.078266	256x256	65536	dense	Learned	880	16	76	6941	36.878561	0.901769	32.742223	0.998975	0.633973	0.530835	25	17	0.000000	83	7152	38.168407	0.922060	0.999454	35.554733	0.447057	0.631071	269	19.226557	0.532680	0.943546	11.243144	0.740111	0.307442	-3.273258	0.074612	-6.505633	-0.056897	True	0.468171	30.378012	0.845033	29.489130	0.351988	0.625225	0.471100	32.385404	0.999564	CBMI_mito1_h568_w439
CBMI_mito1_h714_w709.png	0.257705	0.425861	0.597339	0.440167	0.929093	0.997426	20.924828	0.997050	29.933965	0.500534	0.659554	3.637386	28.374692	0.823046	7532	15	3	20	45	1.886256	0.200000	211	199	976.820418	3.565834	0.000000	-0.028171	-11.530357	-0.002304	-0.001351	-0.034583	2827.003717	0.500534	0.500534	15	3	12	20	45	1.886256	0.200000	16	2	211	199	146	4.908645	3.565834	976.820418	0.000000	41585	5.521110	8.701009	256x256	65536	dense	Learned	963	16	77	7397	36.548612	0.901848	33.005925	0.998401	0.535116	0.644276	25	34	0.000000	82	7496	37.694662	0.920686	0.999041	35.248767	0.497797	0.532610	278	21.351879	0.568909	0.960423	14.716506	0.908187	0.355304	-3.071960	0.015278	-8.173920	-0.078802	True	0.257221	28.380274	0.823224	29.942119	0.233803	0.850431	0.285876	32.455185	0.999731	CBMI_mito1_h714_w709
CBMI_mito2_h283_w431.png	0.591436	0.621371	0.766476	0.627573	0.984344	0.999487	28.255782	0.998997	29.335420	0.722369	0.588888	2.462245	32.957375	0.825717	3766	9	1	7	23	1.840000	0.111111	100	92	455.374675	3.417129	0.000000	0.002629	-2.349238	-0.000258	-0.000354	-0.011105	1554.483891	0.722369	0.722369	9	1	8	7	23	1.840000	0.111111	9	1	100	92	70	4.949725	3.417129	455.374675	0.000000	41308	10.968667	17.402018	256x256	65536	sparse	Learned	401	9	59	3735	36.304389	0.855667	31.208186	0.999351	0.733474	0.744193	6	7	0.000000	77	3678	36.767044	0.868969	0.999478	32.998611	0.717962	0.728135	538	31.016622	0.795241	0.995400	22.504588	0.842763	0.652174	-1.872765	-0.155306	-3.347014	-0.029950	True	0.591612	32.963923	0.825848	29.354984	0.329680	0.811753	0.588807	30.605020	0.999745	CBMI_mito2_h283_w431
CBMI_mito2_h423_w724.png	0.411281	0.647257	0.785861	0.667620	0.954998	0.996628	26.885986	0.996293	30.253218	0.551823	0.695398	2.430667	29.998552	0.848362	7957	16	4	29	54	1.894273	0.250000	227	215	1075.518903	3.892659	0.000000	-0.032711	-6.097201	-0.002427	-0.001727	-0.036649	3273.938656	0.551823	0.551823	16	4	12	29	54	1.894273	0.250000	16	3	227	215	144	5.002414	3.892659	1075.518903	0.000000	42127	5.294332	8.236270	256x256	65536	dense	Learned	983	16	79	7772	37.167725	0.915511	33.303681	0.998020	0.588472	0.810283	18	41	0.000000	84	7822	38.600500	0.932566	0.998935	36.121345	0.706536	0.590498	271	20.693520	0.534175	0.938838	14.217427	0.938271	0.399721	-3.050463	-0.114885	-7.169173	-0.067148	True	0.411343	29.999854	0.848548	30.259696	0.406629	0.988380	0.443992	32.983186	0.999054	CBMI_mito2_h423_w724
CBMI_mito4_h562_w734.png	0.330113	0.558716	0.716893	0.584547	0.926706	0.997487	29.010545	0.995648	31.465057	0.455012	0.715054	1.172528	29.362827	0.837847	10204	22	5	37	73	1.900000	0.227273	340	323	1549.224530	3.649754	0.000000	-0.004706	-6.650652	-0.001854	-0.002521	-0.003282	3068.672657	0.455012	0.455012	22	5	17	37	73	1.900000	0.227273	22	4	340	323	230	4.796361	3.649754	1549.224530	0.000000	41308	4.048216	6.422579	256x256	65536	dense	Learned	1269	22	85	10020	38.539498	0.939025	36.000798	0.998168	0.458294	0.789527	25	52	0.000000	87	9788	40.000223	0.957165	0.998880	37.985136	0.589800	0.457386	250	19.676642	0.552435	0.934970	14.598410	0.974777	0.307686	-4.535740	-0.074474	-9.176671	-0.101178	True	0.330049	29.361692	0.837969	31.488334	0.650214	0.762394	0.334819	35.661197	0.999341	CBMI_mito4_h562_w734
CBMI_mito5_h509_w353.png	0.609433	0.641824	0.781843	0.649673	0.981525	0.999147	29.857734	0.998396	31.174197	0.708623	0.645027	1.057629	32.305178	0.896035	6278	14	2	9	33	1.857988	0.142857	169	157	826.908730	3.447689	0.000000	0.072725	-4.386185	-0.000550	-0.000858	0.048068	1895.696402	0.708623	0.708623	14	2	12	9	33	1.857988	0.142857	14	2	169	157	127	5.266935	3.447689	826.908730	0.000000	38851	6.188436	10.438993	256x256	65536	dense	Learned	749	14	79	6196	39.211020	0.936697	34.691608	0.999254	0.660555	0.531814	18	3	0.607143	86	6110	40.032569	0.943387	0.999539	37.025568	0.597476	0.658553	339	23.468668	0.681097	0.973171	16.748546	0.676320	0.403702	-3.517411	0.113214	-6.905842	-0.040662	True	0.610551	32.330604	0.896549	31.191486	0.531293	0.561911	0.536708	34.243919	0.999697	CBMI_mito5_h509_w353
CBMI_mito5_h613_w762.png	0.471650	0.568882	0.725207	0.577895	0.973316	0.999413	29.152104	0.998074	30.234835	0.732801	0.688219	1.493792	32.266262	0.840642	5835	11	1	9	29	1.868421	0.090909	152	142	727.925974	3.514934	0.000000	0.044107	-3.065154	-0.000313	-0.000737	0.048178	2036.999941	0.732801	0.732801	11	1	10	9	29	1.868421	0.090909	11	1	152	142	114	5.126239	3.514934	727.925974	0.000000	41933	7.186461	11.231534	256x256	65536	dense	Learned	724	11	72	5817	36.730005	0.889260	32.635009	0.998810	0.684624	0.561327	20	12	0.000000	80	5110	37.285528	0.897949	0.999184	34.446626	0.627938	0.666796	338	24.120097	0.700911	0.978334	16.153316	0.952877	0.441359	-2.400174	0.126893	-4.463743	-0.048618	True	0.472431	32.261252	0.840798	30.238858	0.492190	0.735229	0.427543	32.217258	0.999726	CBMI_mito5_h613_w762
CBMI_mito5_h750_w500.png	0.324674	0.503485	0.669758	0.526563	0.919924	0.997080	26.491241	0.996530	30.380128	0.539778	0.735417	1.741565	28.311222	0.827326	12606	25	6	54	92	1.909091	0.240000	418	399	1893.599205	3.321244	0.000000	-0.003261	-8.389636	-0.002551	-0.002258	-0.004203	2653.233528	0.539778	0.539778	25	6	19	54	92	1.909091	0.240000	25	6	418	399	272	4.745863	3.321244	1893.599205	0.000000	43035	3.413851	5.198794	256x256	65536	dense	Learned	1485	25	85	12298	37.364357	0.939474	35.133971	0.998789	0.543981	0.609372	64	121	0.000000	86	11962	39.246217	0.961350	0.999317	37.582381	0.647207	0.544436	249	16.976065	0.375996	0.894225	12.010646	0.998145	0.295352	-4.753843	0.126045	-9.053135	-0.112148	True	0.324613	28.314428	0.827607	30.390495	0.482902	0.841006	0.327935	34.880877	0.999631	CBMI_mito5_h750_w500
CBMI_mito6_h330_w512.png	0.539716	0.529196	0.692124	0.556022	0.916451	0.998101	25.494848	0.998189	30.786254	0.682256	0.389256	1.501627	30.341391	0.802622	5861	25	0	10	60	1.712644	0.000000	174	149	702.399062	3.640918	0.000000	0.042701	-8.044239	-0.001609	-0.000836	0.043313	2700.256824	0.682256	0.682256	25	0	25	10	60	1.712644	0.000000	26	0	174	149	104	4.714088	3.640918	702.399062	0.000000	42162	7.193653	11.181710	256x256	65536	sparse	Learned	618	26	68	5766	36.433840	0.873284	33.875360	0.999025	0.638943	0.371757	29	6	0.000000	79	5572	36.700772	0.890764	0.999020	34.237454	0.412286	0.634688	339	23.053819	0.673621	0.968052	14.851165	0.615829	0.403978	-3.089106	0.017499	-6.092449	-0.070661	True	0.548628	30.350053	0.802735	30.798496	0.238581	0.358260	0.497016	33.539086	0.999710	CBMI_mito6_h330_w512
CBMI_mito6_h348_w799.png	0.602001	0.642846	0.782600	0.690674	0.902753	0.997318	26.592858	0.998322	30.744521	0.700284	0.336579	1.396929	30.445072	0.848610	5836	28	2	11	65	1.686747	0.071429	166	140	656.712770	3.603481	0.000000	-0.049244	-7.709756	-0.002207	-0.000906	-0.028956	2349.187136	0.700284	0.700284	28	2	26	11	65	1.686747	0.071429	29	0	166	140	90	4.690806	3.603481	656.712770	0.000000	41544	7.118574	11.229609	256x256	65536	sparse	Learned	559	29	71	5732	37.635756	0.900987	34.586854	0.999228	0.729241	0.265690	34	1	0.413793	81	5274	37.818069	0.910351	0.999259	34.934154	0.280871	0.730956	343	22.860436	0.680861	0.957767	15.013328	0.620285	0.445941	-3.842333	0.070889	-7.190684	-0.052378	True	0.601636	30.462525	0.848870	30.760798	0.250667	0.350163	0.651245	34.302615	0.999525	CBMI_mito6_h348_w799
CBMI_mito6_h419_w251.png	0.721052	0.725529	0.840935	0.825605	0.856845	0.992521	23.265139	0.996794	30.813045	0.777202	0.385930	0.905685	28.815002	0.837611	7843	33	2	13	76	1.710280	0.060606	214	183	923.577777	3.858178	0.000000	-0.013173	-11.200578	-0.005940	-0.001639	0.003015	3952.122688	0.777202	0.777202	33	2	31	13	76	1.710280	0.060606	34	3	214	183	125	5.046873	3.858178	923.577777	0.000000	42461	5.413872	8.355986	256x256	65536	sparse	Learned	841	34	76	7548	37.065112	0.908358	34.464629	0.998433	0.774187	0.371389	33	2	0.818627	81	6770	37.369232	0.921915	0.998562	34.988924	0.399504	0.767253	277	18.534151	0.494789	0.919607	12.541427	0.635450	0.324215	-3.651584	0.014542	-8.250110	-0.070747	True	0.720450	28.823395	0.837870	30.828145	0.417594	0.378209	0.734224	34.465716	0.998461	CBMI_mito6_h419_w251
CBMI_mito6_h617_w713.png	0.559145	0.611070	0.758589	0.676692	0.863039	0.996427	23.938847	0.997921	31.161751	0.694559	0.590711	2.003299	30.190647	0.853931	6051	15	1	13	41	1.835294	0.066667	170	156	758.310750	3.796786	0.000000	-0.043651	-10.587096	-0.002843	-0.000953	-0.039452	2243.400812	0.694559	0.694559	15	1	14	13	41	1.835294	0.066667	15	1	170	156	116	4.860966	3.796786	758.310750	0.000000	41049	6.783837	10.830607	256x256	65536	dense	Learned	707	15	74	6041	37.922743	0.907128	34.760146	0.998875	0.734011	0.603752	14	3	0.000000	82	5886	38.203017	0.918398	0.999042	35.448471	0.704315	0.723681	344	23.839165	0.721160	0.976133	17.078584	0.808430	0.471748	-3.598395	-0.013041	-7.732096	-0.053197	True	0.558214	30.188660	0.854091	31.170318	0.395671	0.792647	0.602796	34.525942	0.999271	CBMI_mito6_h617_w713
CBMI_mito6_h702_w480.png	0.617133	0.696263	0.820937	0.761364	0.890625	0.997338	24.400547	0.998751	31.259787	0.715375	0.451834	1.540843	30.970453	0.872385	5479	17	2	7	37	1.776119	0.117647	134	119	583.813275	3.774318	0.000000	-0.040420	-10.222634	-0.002191	-0.000618	-0.025854	1977.062941	0.715375	0.715375	17	2	15	7	37	1.776119	0.117647	17	2	134	119	90	4.905994	3.774318	583.813275	0.000000	39440	7.198394	11.961307	256x256	65536	dense	Learned	664	17	73	5246	38.468369	0.914053	34.798895	0.999369	0.741229	0.495405	15	2	0.941176	83	4992	38.775741	0.922010	0.999509	35.689404	0.487388	0.735109	342	24.074781	0.742541	0.978620	15.936530	0.617107	0.455423	-3.539107	-0.043572	-7.497916	-0.041667	True	0.618064	30.975195	0.872641	31.265573	0.397317	0.612203	0.657554	34.623181	0.999530	CBMI_mito6_h702_w480
CBMI_mito7_h249_w420.png	0.476574	0.509158	0.674757	0.529166	0.930871	0.998652	28.818066	0.997275	30.409764	0.660572	0.673033	1.499519	30.784616	0.881103	8638	19	4	31	61	1.889299	0.210526	271	256	1210.614357	3.320233	0.000000	-0.010322	-5.370498	-0.001057	-0.001636	-0.010582	2481.452703	0.660572	0.660572	19	4	15	31	61	1.889299	0.210526	19	5	271	256	179	4.728962	3.320233	1210.614357	0.000000	40940	4.739523	7.586941	256x256	65536	dense	Learned	992	19	82	8438	38.395039	0.936696	34.643330	0.998911	0.671154	0.568635	25	15	0.000000	86	8136	39.721449	0.947162	0.999348	37.449451	0.510585	0.670521	245	17.480417	0.450836	0.915005	11.381299	0.968254	0.282291	-4.233566	0.104398	-7.610424	-0.055594	True	0.476416	30.787882	0.881446	30.417268	0.420773	0.630957	0.486897	34.188565	0.999708	CBMI_mito7_h249_w420
CBMI_mito7_h418_w624.png	0.539595	0.401216	0.572668	0.414888	0.924097	0.998950	25.097527	0.995464	31.473829	0.498688	0.691181	0.716956	31.541303	0.851459	6363	12	3	19	37	1.892857	0.250000	168	159	798.310750	3.969025	0.000000	-0.035640	-8.564097	-0.000875	-0.001894	-0.014081	3247.202635	0.498688	0.498688	12	3	9	19	37	1.892857	0.250000	12	3	168	159	112	5.020822	3.969025	798.310750	0.000000	40078	6.298601	10.299544	256x256	65536	dense	Learned	854	12	78	6340	38.330644	0.912294	34.589942	0.997358	0.512769	0.428156	18	7	0.083333	85	5972	39.177025	0.923160	0.998393	36.947327	0.286689	0.515104	343	25.470463	0.753579	0.977535	18.270395	0.999995	0.351644	-3.116113	0.263025	-6.789340	-0.060835	True	0.539816	31.524877	0.851651	31.487670	0.667129	0.478302	0.575235	33.661624	0.999825	CBMI_mito7_h418_w624
