filename	gt_iou	seg_iou	seg_f1	seg_precision	seg_recall	gt_fg_ssim	gt_fg_psnr	ng_fg_ssim	ng_fg_psnr	ng_iou	ng_topo_q	topo_preservation	ng_psnr	ng_ssim	ng_bytes	graph_n_components	graph_n_cycles	graph_n_junctions	graph_n_endpoints	graph_mean_degree	graph_complexity	n_nodes	n_edges	total_edge_length	mean_width_px	mean_curvature	delta_gt_iou	delta_gt_fg_psnr	delta_gt_fg_ssim	delta_fg_ssim	delta_iou	total_time_ms	self_iou	ng_recon_iou	ng_n_components	ng_n_cycles	ng_euler_characteristic	ng_n_junctions	ng_n_endpoints	ng_mean_degree	ng_graph_complexity	ng_seg_beta_0	ng_seg_beta_1	graph_n_nodes	graph_n_edges	graph_n_sampled	graph_mean_edge_length	graph_mean_width	graph_total_edge_length	graph_mean_curvature	png_bytes	ng_vs_png	ng_vs_raw	image_shape	image_pixels	image_type	segmenter	n_points	n_structures	jpeg_quality	jpeg_bytes	jpeg_psnr	jpeg_ssim	jpeg_fg_psnr	jpeg_fg_ssim	jpeg_iou	jpeg_topo_q	jpeg_beta_0	jpeg_beta_1	jpeg_betti_preservation	webp_quality	webp_bytes	webp_psnr	webp_ssim	webp_fg_ssim	webp_fg_psnr	webp_topo_q	webp_iou	jp2_bytes	jp2_psnr	jp2_ssim	jp2_fg_ssim	jp2_fg_psnr	jp2_topo_q	jp2_iou	delta_fg_psnr	delta_topo_q	delta_psnr	delta_ssim	gt_available	pre_gt_iou	pre_ng_psnr	pre_ng_ssim	pre_ng_fg_psnr	gt_topology_q	recon_topology_q	jpeg_gt_iou	jpeg_gt_fg_psnr	jpeg_gt_fg_ssim	stem
UIT_12_y0x0.png	0.488433	0.594432	0.745635	0.803678	0.695411	0.980051	24.611724	0.994360	27.979692	0.718937	0.703587	1.021723	30.952552	0.858673	3542	5	1	6	14	1.887324	0.200000	71	67	341.421356	6.711009	0.000000	-0.038819	-5.619170	-0.016125	-0.001813	-0.026936	7309.777975	0.718937	0.718937	5	1	4	6	14	1.887324	0.200000	5	1	71	67	51	5.095841	6.711009	341.421356	0.000000	37681	10.638340	18.502541	256x256	65536	sparse	Otsu	342	5	62	3449	36.883720	0.907716	29.664843	0.996173	0.745873	0.595169	14	23	0.000000	79	3166	38.462464	0.915117	0.998449	33.783039	0.396672	0.739012	600	33.752020	0.847946	0.991018	25.752077	0.554647	0.731101	-1.685151	0.108417	-5.931168	-0.049043	True	0.488738	30.955155	0.859607	27.983215	0.574575	0.587056	0.527253	30.230894	0.996177	UIT_12_y0x0
UIT_12_y0x256.png	0.520367	0.561166	0.718907	0.785857	0.662469	0.984349	24.353644	0.995438	28.849984	0.733272	0.420422	0.687906	31.118566	0.849192	3642	11	0	5	27	1.721519	0.000000	79	68	331.249783	5.177864	0.000000	-0.132161	-6.653975	-0.012425	-0.001431	-0.004029	3016.443968	0.733272	0.733272	11	0	11	5	27	1.721519	0.000000	11	0	79	68	47	4.871320	5.177864	331.249783	0.000000	37619	10.329215	17.994509	256x256	65536	sparse	Otsu	392	11	64	3583	37.202455	0.899235	30.621473	0.996869	0.737301	0.431381	22	22	0.000000	80	3376	38.428969	0.909844	0.998643	34.239496	0.352183	0.723482	533	32.984970	0.829085	0.989886	25.005865	0.509489	0.724735	-1.771489	-0.010960	-6.083889	-0.050042	True	0.520367	31.120684	0.849506	28.855182	0.609372	0.419191	0.652528	31.007619	0.996773	UIT_12_y0x256
UIT_12_y0x512.png	0.508233	0.508446	0.674132	0.865725	0.551975	0.965486	21.430221	0.994962	28.490620	0.773571	0.486583	0.877284	27.484333	0.734216	5390	15	1	9	38	1.777778	0.066667	126	112	556.244733	4.753862	0.000000	-0.167275	-8.890365	-0.029413	-0.001378	0.239883	2376.715660	0.773571	0.773571	15	1	14	9	38	1.777778	0.066667	15	0	126	112	79	4.966471	4.753862	556.244733	0.000000	42440	7.873840	12.158813	256x256	65536	dense	Meijering	588	15	60	5281	34.290214	0.869781	29.930227	0.996339	0.533689	0.561034	36	25	0.000000	75	5294	35.248656	0.888055	0.997822	32.161372	0.533972	0.532454	410	26.434019	0.701187	0.978134	20.937238	0.669616	0.445241	-1.439607	-0.074451	-6.805881	-0.135565	True	0.508137	27.488740	0.734498	28.500938	0.685617	0.601481	0.675508	30.320586	0.994898	UIT_12_y0x512
UIT_12_y0x768.png	0.592709	0.602574	0.752008	0.652449	0.887421	0.993190	30.505761	0.990878	32.104230	0.719839	0.535131	1.236375	37.223611	0.883417	3174	10	1	13	32	1.814433	0.100000	97	88	424.362482	5.287654	0.000000	0.035411	-2.553205	-0.003086	-0.002372	0.062673	2495.203018	0.719839	0.719839	10	1	9	13	32	1.814433	0.100000	10	0	97	88	52	4.822301	5.287654	424.362482	0.000000	36546	11.514178	20.647763	256x256	65536	sparse	Meijering	358	10	67	3152	38.831721	0.906488	33.419423	0.993250	0.657166	0.295312	62	35	0.000000	84	3118	39.811964	0.917596	0.996714	36.402352	0.202474	0.644620	657	37.019313	0.867664	0.988582	31.213114	0.514058	0.686113	-1.315193	0.239819	-1.608111	-0.023071	True	0.591717	37.240338	0.883921	32.105535	0.424203	0.524474	0.557298	33.058967	0.996276	UIT_12_y0x768
UIT_12_y256x0.png	0.601117	0.719114	0.836610	0.863154	0.811649	0.991887	24.807906	0.996664	28.436963	0.607808	0.562495	1.191346	30.695212	0.820468	7493	24	3	24	66	1.833333	0.125000	252	231	1115.146320	2.726569	0.000000	-0.002960	-6.640688	-0.006152	-0.001666	0.033302	1756.068945	0.607808	0.607808	24	3	21	24	66	1.833333	0.125000	24	3	252	231	162	4.827473	2.726569	1115.146320	0.000000	41853	5.585613	8.746297	256x256	65536	dense	Learned	945	24	76	7305	36.024811	0.901036	31.415475	0.998331	0.574506	0.540447	32	39	0.000000	81	6810	37.623415	0.919518	0.999139	34.854712	0.486427	0.568861	276	21.866827	0.516781	0.942561	14.455362	0.804722	0.313050	-2.978512	0.022048	-5.329599	-0.080568	True	0.600894	30.702087	0.820901	28.440721	0.505321	0.602012	0.604078	31.448594	0.998040	UIT_12_y256x0
UIT_12_y256x256.png	0.375056	0.487126	0.655124	0.844209	0.535241	0.960145	18.849897	0.994620	27.383217	0.376627	0.395407	0.922268	23.680846	0.619660	7466	25	0	14	64	1.707602	0.000000	171	146	690.570635	4.777945	0.000000	-0.107313	-10.364246	-0.035137	-0.001436	0.007279	3646.365404	0.376627	0.376627	25	0	25	14	64	1.707602	0.000000	25	0	171	146	93	4.729936	4.777945	690.570635	0.000000	46583	6.239352	8.777927	256x256	65536	dense	Meijering	853	25	57	7384	31.664355	0.841793	28.889091	0.996057	0.369348	0.492922	88	88	0.000000	58	7292	32.704578	0.875393	0.997381	30.729122	0.374634	0.368475	274	18.636376	0.417609	0.938152	13.485119	0.880368	0.237813	-1.505874	-0.097515	-7.983509	-0.222134	True	0.375050	23.686258	0.619735	27.403821	0.707499	0.652503	0.482369	29.214144	0.995281	UIT_12_y256x256
UIT_12_y256x512.png	0.453292	0.486074	0.654172	0.691839	0.620395	0.973923	22.891482	0.989954	28.415717	0.658291	0.469949	1.094616	27.106708	0.655130	6970	23	1	14	58	1.768421	0.043478	190	168	805.754401	4.945918	0.000000	-0.070550	-7.561785	-0.021512	-0.003441	0.132361	4355.385542	0.658291	0.658291	23	1	22	14	58	1.768421	0.043478	23	1	190	168	118	4.796157	4.945918	805.754401	0.000000	45138	6.476040	9.402582	256x256	65536	sparse	Meijering	713	23	64	6950	32.920160	0.820395	30.254193	0.993395	0.525930	0.425777	114	135	0.000000	65	6770	33.659221	0.857526	0.994784	31.263161	0.365257	0.523287	275	22.752750	0.532286	0.937200	17.670369	0.889828	0.385412	-1.838477	0.044173	-5.813452	-0.165264	True	0.453425	27.107578	0.655156	28.424049	0.604129	0.661289	0.523841	30.453267	0.995434	UIT_12_y256x512
UIT_12_y256x768.png	0.462156	0.736286	0.848116	0.881930	0.816799	0.993779	27.468362	0.996285	29.381581	0.403132	0.730719	0.842821	32.623138	0.852028	6742	15	2	28	54	1.891213	0.133333	239	226	1102.719913	2.834850	0.000000	-0.070621	-4.232939	-0.003836	-0.001661	-0.051775	1637.491226	0.403132	0.403132	15	2	13	28	54	1.891213	0.133333	15	2	239	226	157	4.879292	2.834850	1102.719913	0.000000	40232	5.967369	9.720558	256x256	65536	dense	Learned	923	15	77	6649	36.778605	0.912166	31.811753	0.997945	0.454908	0.333304	107	125	0.000000	84	6056	38.865141	0.928171	0.999126	36.056521	0.331958	0.456717	275	25.501994	0.685755	0.961174	17.658172	0.999986	0.309331	-2.430172	0.397415	-4.155467	-0.060137	True	0.461871	32.630585	0.852471	29.383741	0.821908	0.692721	0.532777	31.701301	0.997615	UIT_12_y256x768
UIT_12_y512x0.png	0.705708	0.781648	0.877444	0.942486	0.820799	0.993162	26.494824	0.997386	28.546348	0.625662	0.883127	0.847220	31.518206	0.867481	7349	9	4	30	40	1.955157	0.444444	223	218	1091.477272	2.993675	0.000000	-0.029590	-5.381322	-0.004800	-0.001388	-0.005863	2301.585674	0.625662	0.625662	9	4	5	30	40	1.955157	0.444444	9	4	223	218	153	5.006776	2.993675	1091.477272	0.000000	39683	5.399782	8.917676	256x256	65536	dense	Learned	1024	9	79	7136	37.067259	0.926284	31.967008	0.998774	0.631525	0.722290	17	34	0.000000	86	7160	40.052864	0.945523	0.999588	37.177701	0.663784	0.627236	271	22.616029	0.608657	0.960928	14.741304	0.986700	0.379937	-3.420660	0.160837	-5.549053	-0.058803	True	0.705584	31.530618	0.868255	28.554011	0.968444	0.820486	0.735298	31.876147	0.997962	UIT_12_y512x0
UIT_12_y512x256.png	0.568393	0.540643	0.701841	0.833876	0.605903	0.971745	20.674361	0.994880	27.366019	0.632356	0.576273	1.404811	25.796151	0.710601	7158	15	2	21	49	1.841463	0.133333	164	151	710.185858	5.474660	0.000000	-0.056788	-8.695752	-0.023664	-0.001576	0.045838	4119.165897	0.632356	0.632356	15	2	13	21	49	1.841463	0.133333	15	0	164	151	94	4.703218	5.474660	710.185858	0.000000	45594	6.369656	9.155630	256x256	65536	dense	Meijering	829	15	63	7120	32.841962	0.854663	29.078745	0.996457	0.586517	0.519382	41	38	0.000000	69	7110	34.137803	0.880492	0.998052	31.618185	0.474492	0.583940	277	19.867620	0.547731	0.941222	13.480110	0.921134	0.427002	-1.712726	0.056891	-7.045811	-0.144063	True	0.568165	25.791151	0.710483	27.376694	0.596503	0.837974	0.625181	29.370113	0.995409	UIT_12_y512x256
UIT_12_y512x512.png	0.403572	0.462252	0.632246	0.759645	0.541442	0.969078	19.706836	0.992709	27.439793	0.463468	0.416419	0.913724	24.153042	0.589631	8330	28	1	23	77	1.739130	0.035714	207	180	833.867099	4.780176	0.000000	-0.078941	-9.645255	-0.026420	-0.002121	0.051089	3544.338703	0.463468	0.463468	28	1	27	23	77	1.739130	0.035714	28	1	207	180	107	4.632595	4.780176	833.867099	0.000000	47092	5.653301	7.867467	256x256	65536	dense	Meijering	893	28	61	8281	31.317691	0.828696	29.154334	0.994829	0.412379	0.425343	113	88	0.000000	56	8078	32.238203	0.871276	0.996342	30.457740	0.360290	0.405893	246	17.801505	0.396639	0.927659	12.878437	0.946781	0.270509	-1.714541	-0.008925	-7.164649	-0.239065	True	0.403573	24.149095	0.589560	27.444609	0.698404	0.638149	0.482514	29.352091	0.995499	UIT_12_y512x512
UIT_12_y512x768.png	0.337378	0.427424	0.598874	0.917241	0.444568	0.969112	20.049857	0.997046	27.999629	0.220903	0.352984	1.499493	27.611212	0.770719	3508	13	0	7	33	1.657895	0.000000	76	63	307.279221	4.839497	0.000000	-0.239953	-9.863914	-0.026674	-0.000584	-0.126268	2058.629751	0.220903	0.220903	13	0	13	7	33	1.657895	0.000000	13	0	76	63	36	4.877448	4.839497	307.279221	0.000000	41650	11.872862	18.681870	256x256	65536	dense	Meijering	418	13	48	3492	34.869472	0.872240	29.100840	0.997630	0.347171	0.562203	40	49	0.000000	70	3506	35.714111	0.885020	0.998571	31.210924	0.464346	0.351097	584	30.888116	0.791583	0.991921	24.115689	0.671381	0.286941	-1.101211	-0.209219	-7.258260	-0.101520	True	0.337262	27.608708	0.771071	28.003787	0.664376	0.996227	0.577331	29.913771	0.995786	UIT_12_y512x768
UIT_12_y768x256.png	0.555988	0.586400	0.739284	0.839633	0.660360	0.997143	23.806210	0.999291	28.527284	0.839416	0.493383	1.334862	37.125628	0.905805	1261	2	0	0	4	1.777778	0.000000	18	16	73.455844	5.680364	0.000000	-0.130003	-5.003056	-0.001978	0.000065	0.072527	1272.379398	0.839416	0.839416	2	0	2	0	4	1.777778	0.000000	2	0	18	16	14	4.590990	5.680364	73.455844	0.000000	33945	26.919112	51.971451	256x256	65536	sparse	Otsu	176	2	21	1245	38.576613	0.892803	28.233085	0.999226	0.766889	0.695779	2	1	0.500000	78	1122	40.002108	0.913276	0.999774	33.386204	0.684417	0.766373								0.294198	-0.202396	-1.450986	0.013001	True	0.555642	37.154408	0.906594	28.538853	0.444563	0.593430	0.685990	28.809267	0.999121	UIT_12_y768x256
UIT_12_y768x512.png	0.435384	0.421977	0.593508	0.876381	0.448684	0.974975	19.890151	0.997581	27.571775	0.307962	0.399042	0.974413	26.930740	0.760348	4454	13	0	4	31	1.717391	0.000000	92	79	362.149278	4.813336	0.000000	-0.126524	-9.716102	-0.021234	-0.000683	-0.031676	2537.914991	0.307962	0.307962	13	0	13	4	31	1.717391	0.000000	13	0	92	79	57	4.584168	4.813336	362.149278	0.000000	40946	9.193085	14.713965	256x256	65536	dense	Meijering	567	13	56	4389	34.294431	0.876089	29.053939	0.998264	0.339638	0.655925	29	43	0.000000	70	4332	35.321149	0.890315	0.999069	31.602698	0.585542	0.340239	461	27.663984	0.766581	0.989310	20.595256	0.914075	0.306830	-1.482164	-0.256883	-7.363691	-0.115741	True	0.435651	26.941266	0.760724	27.579627	0.711699	0.693488	0.561908	29.606252	0.996210	UIT_12_y768x512
UIT_12_y768x768.png	0.466783	0.463044	0.632987	0.815662	0.517164	0.981249	21.191411	0.996991	28.147862	0.755520	0.409036	1.186353	30.161068	0.833015	3257	10	0	2	22	1.677419	0.000000	62	52	285.722871	4.712021	0.000000	-0.185577	-9.076198	-0.014816	-0.000807	0.167463	2193.836927	0.755520	0.755520	10	0	10	2	22	1.677419	0.000000	10	0	62	52	38	5.494671	4.712021	285.722871	0.000000	39525	12.135401	20.121584	256x256	65536	sparse	Meijering	344	10	56	3215	36.379727	0.888833	29.622835	0.997798	0.588057	0.357869	27	5	0.000000	77	3172	37.312438	0.896783	0.998924	32.751011	0.408949	0.565540	657	33.655398	0.843032	0.995322	26.145739	0.529205	0.547232	-1.474974	0.051167	-6.218659	-0.055818	True	0.466795	30.151724	0.833128	28.164062	0.525859	0.623854	0.652360	30.267610	0.996064	UIT_12_y768x768
UIT_20_y0x256.png	0.422101	0.418301	0.589862	0.484390	0.754050	0.997462	22.860160	0.997298	28.511731	0.641112	0.532334	1.326920	34.468751	0.773270	1471	4	1	7	13	1.866667	0.250000	45	42	172.195959	3.145560	0.000000	0.061967	-5.224518	-0.000933	0.000095	0.142709	1185.260296	0.641112	0.641112	4	1	3	7	13	1.866667	0.250000	4	1	45	42	25	4.099904	3.145560	172.195959	0.000000	40159	27.300476	44.552005	256x256	65536	sparse	Learned	205	4	27	1467	35.288586	0.785429	28.501374	0.997203	0.498403	0.274456	24	7	0.000000	65	1434	35.969572	0.806756	0.998546	30.999468	0.216177	0.478571								0.010357	0.257878	-0.819835	-0.012158	True	0.424297	34.478618	0.773542	28.516225	0.432586	0.574007	0.360134	28.084678	0.998394	UIT_20_y0x256
UIT_20_y0x512.png	0.453362	0.507205	0.673040	0.931217	0.526946	0.992495	20.835239	0.999186	24.709816	0.842784	0.445673	1.577762	32.976996	0.764560	1326	2	0	1	5	1.750000	0.000000	16	14	66.941125	5.081744	0.000000	-0.041498	-4.624076	-0.004867	0.000141	0.073646	1257.725239	0.842784	0.842784	2	0	2	1	5	1.750000	0.000000	2	0	16	14	10	4.781509	5.081744	66.941125	0.000000	40785	30.757919	49.423831	256x256	65536	sparse	Otsu	169	2	17	1319	33.895632	0.754798	24.077561	0.999045	0.769137	0.409430	3	0	0.750000	55	1296	35.475117	0.795422	0.999743	29.709055	0.288230	0.771845								0.632254	0.036243	-0.918636	0.009762	True	0.453362	32.980736	0.764738	24.707406	0.312711	0.493383	0.494860	25.459315	0.997361	UIT_20_y0x512
UIT_20_y0x768.png	0.500000	0.475520	0.644545	0.542602	0.793657	0.990333	25.365783	0.985550	27.834333	0.695729	0.759492	1.307206	32.006272	0.755271	3874	4	0	7	15	1.884058	0.000000	69	65	329.048773	6.670365	0.000000	0.046966	-3.333990	-0.004646	-0.003092	0.109754	5825.635433	0.695729	0.695729	4	0	4	7	15	1.884058	0.000000	4	0	69	65	47	5.062289	6.670365	329.048773	0.000000	40976	10.577181	16.916882	256x256	65536	sparse	Frangi	590	4	56	3835	34.929539	0.824294	28.962358	0.988642	0.585976	0.265616	94	64	0.000000	75	3648	35.994360	0.847866	0.994890	31.925619	0.212161	0.568370	533	33.255530	0.746492	0.981393	27.033245	0.760349	0.603721	-1.128025	0.493875	-2.923266	-0.069023	True	0.498714	32.010896	0.755444	27.834361	0.473878	0.619456	0.453034	28.699773	0.994979	UIT_20_y0x768
UIT_20_y256x0.png	0.246445	0.460674	0.630769	0.529032	0.780952	0.998930	28.581341	0.998516	29.590219	0.169082	0.259182	0.583767	35.681329	0.782799	1198	6	0	3	15	1.571429	0.000000	28	22	97.254834	2.782288	0.000000	0.001790	1.208352	0.000154	0.000559	0.001340	1001.814604	0.169082	0.169082	6	0	6	3	15	1.571429	0.000000	6	0	28	22	10	4.420674	2.782288	97.254834	0.000000	39644	33.091820	54.704508	256x256	65536	sparse	Learned	168	6	18	1197	35.317195	0.776045	28.354305	0.997957	0.167742	0.181269	1	0	0.583333	61	1098	36.189030	0.806344	0.998867	31.964355	0.393469	0.159420								1.235914	0.077913	0.364134	0.006754	True	0.246445	35.691543	0.783045	29.585990	0.223791	0.130642	0.244656	27.372988	0.998777	UIT_20_y256x0
UIT_20_y256x256.png	0.536721	0.542442	0.703355	0.590423	0.869705	0.983560	23.526208	0.969736	25.338027	0.638190	0.907681	0.625049	26.153933	0.633307	10501	8	0	22	38	1.928889	0.000000	225	217	1094.116882	6.787901	0.000000	-0.008764	-4.237566	-0.010731	-0.013884	0.012648	6632.349014	0.638190	0.638190	8	0	8	22	38	1.928889	0.000000	8	0	225	217	165	5.042013	6.787901	1094.116882	0.000000	48685	4.636225	6.240929	256x256	65536	dense	Meijering	1196	8	68	10429	30.784482	0.824110	27.944137	0.983620	0.625542	0.338386	205	367	0.000000	66	10412	33.297556	0.894602	0.991942	31.270359	0.313443	0.632256	246	17.878130	0.340099	0.855015	13.916052	0.897716	0.437552	-2.606110	0.569294	-4.630549	-0.190803	True	0.536102	26.155896	0.633496	25.341524	0.867345	0.542133	0.545485	27.763775	0.994292	UIT_20_y256x256
UIT_20_y256x512.png	0.540542	0.573673	0.729088	0.721852	0.736471	0.972283	20.625574	0.981777	24.683127	0.767433	0.532334	0.805485	23.847343	0.527411	8516	23	2	19	64	1.807339	0.086957	218	197	974.678282	5.861906	0.000000	-0.061278	-4.980797	-0.018516	-0.003362	0.098596	3668.348789	0.767433	0.767433	23	2	21	19	64	1.807339	0.086957	23	2	218	197	135	4.947605	5.861906	974.678282	0.000000	50525	5.932950	7.695632	256x256	65536	sparse	Otsu	662	23	47	8457	27.993340	0.766727	25.494773	0.985139	0.668837	0.287163	227	192	0.000000	36	8484	29.408258	0.838089	0.991599	27.852759	0.261618	0.652268	248	16.353945	0.283556	0.879986	12.201035	0.981562	0.342784	-0.811646	0.245171	-4.145997	-0.239316	True	0.539999	23.851746	0.527525	24.697111	0.769027	0.619440	0.601820	25.606371	0.990798	UIT_20_y256x512
UIT_20_y256x768.png	0.570739	0.636537	0.777907	0.753874	0.803523	0.975095	23.217210	0.978050	25.344704	0.670060	0.734640	0.650682	26.679820	0.634494	8318	12	2	19	39	1.895833	0.166667	192	182	902.394011	6.022105	0.000000	-0.043352	-4.068885	-0.015110	-0.008273	0.021453	4300.163746	0.670060	0.670060	12	2	10	19	39	1.895833	0.166667	12	2	192	182	134	4.958209	6.022105	902.394011	0.000000	47283	5.684419	7.878817	256x256	65536	dense	Meijering	919	12	62	8095	30.915240	0.803417	27.238708	0.986323	0.648607	0.343774	144	216	0.000000	61	8266	32.950044	0.861563	0.993604	30.592020	0.283230	0.643248	244	19.317095	0.369778	0.898933	15.131581	0.880567	0.437515	-1.894003	0.390866	-4.235419	-0.168923	True	0.570876	26.681411	0.634566	25.352680	0.864213	0.562328	0.614091	27.286095	0.990204	UIT_20_y256x768
UIT_20_y512x0.png	0.697558	0.719220	0.836682	0.775157	0.908816	0.990116	23.752959	0.990376	25.128066	0.651356	0.783155	0.847578	28.117348	0.691301	8684	14	9	45	58	1.964789	0.642857	284	279	1237.212337	3.310528	0.000000	0.062017	-3.923600	-0.005865	-0.004405	0.066376	2655.695438	0.651356	0.651356	14	9	5	45	58	1.964789	0.642857	14	13	284	279	181	4.434453	3.310528	1237.212337	0.000000	46654	5.372409	7.546753	256x256	65536	dense	Learned	986	14	68	8674	32.120778	0.841242	27.915065	0.994781	0.584980	0.277181	161	180	0.000000	74	8674	34.602242	0.887335	0.997749	32.101262	0.289508	0.578505	250	18.823065	0.452548	0.922286	12.644652	0.892113	0.321121	-2.786999	0.505974	-4.003430	-0.149941	True	0.697536	28.122412	0.691435	25.132680	0.696480	0.590321	0.635541	27.676559	0.995980	UIT_20_y512x0
UIT_20_y512x256.png	0.611839	0.730659	0.844371	0.846853	0.841904	0.985360	24.049986	0.990051	25.422049	0.618217	0.786421	0.680015	27.426036	0.634493	9736	16	9	44	60	1.953795	0.562500	303	296	1416.952452	3.536805	0.000000	-0.006767	-3.805312	-0.008357	-0.004200	0.008452	3190.560818	0.618217	0.618217	16	9	7	44	60	1.953795	0.562500	16	10	303	296	199	4.787002	3.536805	1416.952452	0.000000	47440	4.872638	6.731306	256x256	65536	dense	Learned	1189	16	67	9635	31.005892	0.813989	27.858282	0.994251	0.609765	0.303646	137	165	0.000000	65	9664	33.280309	0.882436	0.997032	31.301647	0.224210	0.600506	245	18.381455	0.361031	0.917353	13.014569	0.758286	0.321889	-2.436233	0.482775	-3.579857	-0.179496	True	0.611320	27.423406	0.634472	25.423555	0.772666	0.525424	0.618606	27.855298	0.993716	UIT_20_y512x256
UIT_20_y512x512.png	0.544616	0.728724	0.843078	0.932676	0.769185	0.991314	23.731158	0.996576	25.071704	0.538287	0.924226	0.777116	29.829756	0.727114	4839	5	2	18	24	1.961290	0.400000	155	152	740.168614	3.103779	0.000000	-0.029117	-2.808760	-0.004467	-0.000896	-0.006974	1723.365068	0.538287	0.538287	5	2	3	18	24	1.961290	0.400000	5	2	155	152	113	4.869530	3.103779	740.168614	0.000000	43408	8.970448	13.543294	256x256	65536	sparse	Learned	542	5	53	4810	32.604690	0.813307	26.340695	0.997472	0.545261	0.384816	48	50	0.000000	66	4792	34.565277	0.839636	0.998953	31.149570	0.331313	0.536492	407	28.374733	0.678284	0.991809	20.711492	0.832706	0.488231	-1.268991	0.539410	-2.774934	-0.086193	True	0.544008	29.826830	0.727169	25.074033	0.834701	0.648660	0.573733	26.539919	0.995781	UIT_20_y512x512
UIT_20_y512x768.png	0.146453	0.325276	0.490880	0.356910	0.785861	0.996861	34.118743	0.992842	34.132070	0.323564	0.405479	1.299452	36.324975	0.800410	2040	13	4	14	33	1.831776	0.307692	107	98	381.847763	2.847142	0.000000	0.092145	-0.403303	-0.000373	-0.001079	0.201650	1520.270586	0.323564	0.323564	13	4	9	14	33	1.831776	0.307692	13	3	107	98	60	3.896406	2.847142	381.847763	0.000000	39026	19.130392	32.125490	256x256	65536	sparse	Learned	310	13	40	1944	36.678768	0.822439	34.588414	0.993921	0.121914	0.270232	358	69	0.000000	75	1736	37.015866	0.833641	0.994441	35.080172	0.120377	0.168173	4562	37.779094	0.869239	0.996593	36.905786	0.155941	0.088911	-0.456343	0.135248	-0.353793	-0.022029	True	0.151665	36.337470	0.800674	34.140471	0.377078	0.489994	0.054308	34.522046	0.997234	UIT_20_y512x768
UIT_20_y768x0.png	0.538036	0.565841	0.722731	0.742467	0.704018	0.994922	25.591097	0.996679	26.681272	0.801997	0.585217	0.948915	33.316008	0.755035	2139	4	0	2	10	1.800000	0.000000	40	36	200.580736	5.143501	0.000000	-0.091709	-1.125937	-0.001704	0.000045	0.055598	1920.185089	0.801997	0.801997	4	0	4	2	10	1.800000	0.000000	4	0	40	36	28	5.571687	5.143501	200.580736	0.000000	41396	19.352969	30.638616	256x256	65536	sparse	Otsu	259	4	32	2058	34.093002	0.782546	26.569329	0.996634	0.746399	0.505538	14	17	0.000000	58	2008	34.947246	0.796292	0.998506	30.032038	0.266835	0.713287	4198	35.961574	0.827548	0.999628	35.959931	0.196021	0.725254	0.111943	0.079679	-0.776995	-0.027511	True	0.538169	33.323108	0.755156	26.688798	0.850431	0.806987	0.629745	26.717034	0.996626	UIT_20_y768x0
UIT_33_y0x256.png	0.474183	0.011212	0.022175	0.969231	0.011216	0.969109	14.904146	0.999988	24.378698	0.007608	0.213372	0.997480	23.667192	0.784713	596	1	0	0	2	1.333333	0.000000	3	2	11.828427	2.558516	0.000000						616.037846	0.007608	0.007608	1	0	1	0	2	1.333333	0.000000	1	0	3	2	1	5.914214	2.558516	11.828427	0.000000	39109	65.619128	109.959732	256x256	65536	dense	Frangi	62	1												4	586	33.029791	0.854445	0.999991	23.364271	0.822361	0.009664												True	0.473821	23.671301	0.785141	24.413212	0.928066	0.925726				UIT_33_y0x256
UIT_33_y0x512.png	0.477479	0.689743	0.816388	0.828536	0.804591	0.984581	25.127912	0.994040	28.856552	0.440981	0.917366	1.172170	30.282286	0.806519	7631	9	12	46	41	2.020906	1.333333	287	290	1260.690476	3.168101	0.000000	-0.041414	-6.676139	-0.010436	-0.003104	-0.027298	2470.209599	0.440981	0.440981	9	12	-3	46	41	2.020906	1.333333	9	12	287	290	200	4.347209	3.168101	1260.690476	0.000000	41441	5.430612	8.588127	256x256	65536	dense	Learned	1043	9	78	7399	36.196452	0.903019	31.990125	0.997144	0.468278	0.684697	45	192	0.000000	84	7128	38.591244	0.926980	0.998847	36.138114	0.529809	0.468601	279	25.213090	0.671445	0.974230	19.127669	0.925726	0.377805	-3.133573	0.232669	-5.914166	-0.096500	True	0.476802	30.290716	0.806774	28.872491	0.839051	0.983510	0.518893	31.804051	0.995017	UIT_33_y0x512
UIT_33_y256x0.png	0.507063	0.551086	0.710581	0.828929	0.621805	0.978498	20.375679	0.997644	28.570145	0.777714	0.305803	1.156507	30.705889	0.859210	2773	12	0	5	29	1.606557	0.000000	61	49	240.551299	5.135482	0.000000	-0.245625	-10.069705	-0.019393	-0.000523	0.094389	2548.977613	0.777714	0.777714	12	0	12	5	29	1.606557	0.000000	12	0	61	49	27	4.909210	5.135482	240.551299	0.000000	37135	13.391634	23.633610	256x256	65536	sparse	Otsu	292	12	55	2757	37.602036	0.909426	30.067211	0.998167	0.683325	0.447517	15	5	0.000000	79	2672	38.852094	0.918113	0.999271	33.654426	0.358344	0.672886	3280	38.679406	0.895747	0.999586	35.782390	0.356851	0.677705	-1.497066	-0.141714	-6.896147	-0.050216	True	0.506743	30.709669	0.860015	28.584455	0.516234	0.597028	0.752688	30.445384	0.997891	UIT_33_y256x0
UIT_33_y256x256.png	0.528096	0.525908	0.689305	0.817005	0.596128	0.953885	17.870323	0.992805	27.125072	0.675637	0.360971	0.557238	21.671012	0.589474	9148	40	2	20	97	1.698413	0.050000	252	214	1003.092496	4.523868	0.000000	-0.128508	-11.321814	-0.041588	-0.002468	0.191706	4239.670753	0.675637	0.675637	40	2	38	20	97	1.698413	0.050000	41	3	252	214	135	4.687348	4.523868	1003.092496	0.000000	48085	5.256340	7.163970	256x256	65536	sparse	Meijering	824	41	60	9080	31.193469	0.868885	29.147878	0.995273	0.483932	0.596439	70	68	0.000000	56	9052	32.411889	0.899313	0.997252	31.269002	0.508315	0.480745	247	15.183627	0.287793	0.881436	10.303962	0.954194	0.213953	-2.022806	-0.235469	-9.522457	-0.279411	True	0.528038	21.674949	0.589585	27.135322	0.692721	0.386011	0.656604	29.192137	0.995473	UIT_33_y256x256
UIT_33_y256x512.png	0.381481	0.441554	0.612609	0.794369	0.498538	0.984237	22.593578	0.995512	27.632420	0.270854	0.391850	1.380289	27.903496	0.698264	4774	15	1	4	33	1.722772	0.066667	101	87	407.291414	5.088410	0.000000	-0.044525	-6.656518	-0.008921	-0.000821	-0.028339	2303.190231	0.270854	0.270854	15	1	14	4	33	1.722772	0.066667	15	0	101	87	64	4.681511	5.088410	407.291414	0.000000	45316	9.492250	13.727692	256x256	65536	dense	Meijering	560	15	50	4754	32.461633	0.803038	28.774684	0.996332	0.299193	0.555226	53	63	0.000000	57	4760	33.193310	0.833466	0.997557	30.292517	0.377320	0.294029	398	27.552429	0.672292	0.984344	21.430369	0.927439	0.291627	-1.142264	-0.163376	-4.558137	-0.104775	True	0.381933	27.907130	0.698421	27.638732	0.595862	0.822462	0.426006	29.250096	0.993158	UIT_33_y256x512
UIT_33_y512x0.png	0.597958	0.660777	0.795745	0.906118	0.709341	0.990858	22.381400	0.997697	28.773366	0.827011	0.820934	1.399302	34.753576	0.909736	1506	1	0	2	4	1.904762	0.000000	21	20	99.911688	8.234334	0.000000	-0.159814	-7.103725	-0.006695	-0.000047	0.009606	1575.189352	0.827011	0.827011	1	0	1	2	4	1.904762	0.000000	1	0	21	20	15	4.995584	8.234334	99.911688	0.000000	33469	22.223772	43.516600	256x256	65536	sparse	Otsu	189	1	32	1476	38.979369	0.909571	28.988369	0.997744	0.817404	0.692721	3	1	0.000000	80	1464	40.642521	0.930110	0.999388	34.030521	0.696387	0.803491								-0.215003	0.128213	-4.225793	0.000165	True	0.597958	34.760654	0.910904	28.788672	0.642993	0.899741	0.757772	29.485125	0.997553	UIT_33_y512x0
UIT_33_y512x256.png	0.632426	0.758933	0.862947	0.842075	0.884880	0.989944	25.547773	0.993960	27.956241	0.613490	0.826081	0.803562	26.805775	0.772993	14566	23	13	58	81	1.960239	0.565217	503	493	2386.961687	3.064999	0.000000	0.001695	-6.829035	-0.007784	-0.003809	0.004375	3698.709965	0.613490	0.613490	23	13	10	58	81	1.960239	0.565217	24	11	503	493	364	4.841707	3.064999	2386.961687	0.000000	46452	3.189070	4.499245	256x256	65536	dense	Learned	1902	24	82	14280	34.401494	0.913397	32.405508	0.997769	0.609115	0.455087	101	153	0.000000	83	14232	37.662713	0.958839	0.999072	36.251553	0.513364	0.607751	246	15.816338	0.361471	0.850818	10.899200	0.896170	0.297313	-4.449268	0.370994	-7.595720	-0.140404	True	0.632634	26.813143	0.773033	27.964480	0.762875	0.613017	0.630731	32.376808	0.997728	UIT_33_y512x256
UIT_33_y512x512.png	0.527471	0.525395	0.688864	0.813688	0.597244	0.985186	25.156835	0.996295	28.649288	0.686749	0.642398	0.745465	31.777851	0.777208	4356	12	9	19	28	1.962025	0.750000	158	155	699.227489	3.310166	0.000000	-0.042274	-5.409708	-0.007986	-0.001057	0.087511	2098.206997	0.686749	0.686749	12	9	3	19	28	1.962025	0.750000	12	9	158	155	111	4.511145	3.310166	699.227489	0.000000	42050	9.653352	15.044995	256x256	65536	sparse	Learned	527	12	60	4268	34.970870	0.838962	30.125962	0.997351	0.599239	0.436491	28	16	0.000000	75	4348	35.948216	0.869094	0.998415	32.379386	0.258476	0.590984	473	32.059065	0.765875	0.994164	26.025491	0.515675	0.560900	-1.476674	0.205907	-3.193020	-0.061754	True	0.526180	31.779423	0.777441	28.663408	0.607694	0.453015	0.569745	30.566543	0.993171	UIT_33_y512x512
UIT_33_y768x256.png	0.466194	0.531857	0.694395	0.862145	0.581292	0.974347	18.875164	0.996564	27.775136	0.433623	0.400362	0.904025	26.633627	0.802987	4962	14	0	5	33	1.705263	0.000000	95	81	392.048773	4.816253	0.000000	-0.197942	-11.148047	-0.022734	-0.001175	-0.024523	3107.855797	0.433623	0.433623	14	0	14	5	33	1.705263	0.000000	14	0	95	81	57	4.840108	4.816253	392.048773	0.000000	40239	8.109432	13.207578	256x256	65536	dense	Meijering	592	14	65	4888	35.502828	0.903417	29.765912	0.997739	0.458146	0.562039	32	35	0.000000	79	4946	37.274078	0.915786	0.999127	33.802420	0.457661	0.464747	408	26.522632	0.709671	0.981462	19.345338	0.741935	0.374714	-1.990777	-0.161677	-8.869200	-0.100430	True	0.463156	26.635595	0.803331	27.784897	0.690253	0.624006	0.664136	30.023211	0.997081	UIT_33_y768x256
UIT_33_y768x512.png	0.402872	0.007472	0.014834	1.000000	0.007472	0.954784	14.504440	0.999993	26.306151	0.003777	0.228948	1.232628	21.696742	0.702021	590	1	0	1	3	1.500000	0.000000	4	3	13.656854	2.794598	0.000000						586.535215	0.003777	0.003777	1	0	1	1	3	1.500000	0.000000	1	0	4	3	0	4.552285	2.794598	13.656854	0.000000	42793	72.530508	111.077966	256x256	65536	dense	Frangi	60	1																															True	0.402268	21.695392	0.702332	26.291459	0.787262	0.970401				UIT_33_y768x512
UIT_3_y0x256.png	0.637681	0.642791	0.782560	0.825296	0.744032	0.988020	21.193737	0.993236	24.516208	0.754318	0.747160	0.907050	28.937439	0.672750	3242	4	1	9	18	1.910448	0.250000	67	64	312.906638	7.609942	0.000000	-0.080001	-3.558437	-0.005622	0.000266	0.000983	2901.314735	0.754318	0.754318	4	1	3	9	18	1.910448	0.250000	4	2	67	64	40	4.889166	7.609942	312.906638	0.000000	44558	13.743985	20.214682	256x256	65536	sparse	Otsu	309	4	33	3240	31.595412	0.752372	24.537226	0.992970	0.753335	0.558640	19	23	0.000000	50	3176	33.114174	0.761178	0.997669	29.099763	0.359048	0.733905	645	30.085282	0.674661	0.988485	22.538307	0.910185	0.782073	-0.021019	0.188520	-2.657973	-0.079622	True	0.638513	28.940879	0.672962	24.515404	0.913274	0.828385	0.717682	24.752174	0.993643	UIT_3_y0x256
UIT_3_y0x512.png	0.713107	0.792350	0.884146	0.969575	0.812553	0.994875	23.301022	0.997599	24.579106	0.681370	0.750569	0.941757	30.014379	0.681747	3828	7	2	12	23	1.909910	0.285714	111	106	540.475180	3.109072	0.000000	-0.032226	-1.597714	-0.001785	-0.000112	-0.007525	1827.826500	0.681370	0.681370	7	2	5	12	23	1.909910	0.285714	7	1	111	106	76	5.098822	3.109072	540.475180	0.000000	44496	11.623824	17.120167	256x256	65536	sparse	Learned	473	7	38	3769	31.984507	0.766476	24.769841	0.997711	0.688895	0.452754	21	14	0.000000	54	3818	33.391735	0.781454	0.999151	29.456576	0.292404	0.675448	537	29.562932	0.670709	0.994861	21.289736	0.646545	0.647638	-0.190735	0.297814	-1.970129	-0.084729	True	0.712206	30.022094	0.681849	24.584280	0.617872	0.581886	0.745332	24.898736	0.996660	UIT_3_y0x512
UIT_3_y256x256.png	0.621585	0.655863	0.792171	0.801462	0.783093	0.984653	21.405688	0.991862	24.112530	0.815854	0.623854	1.128868	27.576688	0.657411	4734	9	0	10	28	1.834862	0.000000	109	100	491.060967	6.219250	0.000000	-0.085626	-3.304867	-0.009130	-0.001070	0.047146	2921.949148	0.815854	0.815854	9	0	9	10	28	1.834862	0.000000	9	0	109	100	71	4.910610	6.219250	491.060967	0.000000	46068	9.731305	13.843684	256x256	65536	sparse	Otsu	433	9	40	4636	30.717389	0.768293	24.582914	0.992932	0.768707	0.425123	50	47	0.000000	48	4476	32.462118	0.783308	0.997379	29.020020	0.380184	0.751323	407	25.754761	0.631081	0.972913	17.901294	0.743339	0.726564	-0.470384	0.198730	-3.140700	-0.110882	True	0.622124	27.584950	0.657520	24.117736	0.725479	0.818970	0.707211	24.710556	0.993784	UIT_3_y256x256
UIT_3_y256x512.png	0.688225	0.789695	0.882491	0.895380	0.869968	0.988901	22.860288	0.992905	24.398044	0.657084	0.845656	0.860412	26.153181	0.621472	10101	14	6	36	55	1.947712	0.428571	306	298	1461.200144	3.156951	0.000000	0.069484	-3.931560	-0.006236	-0.002895	0.076785	2587.711573	0.657084	0.657084	14	6	8	36	55	1.947712	0.428571	14	6	306	298	215	4.903356	3.156951	1461.200144	0.000000	49175	4.868330	6.488070	256x256	65536	dense	Learned	1279	14	64	10069	30.158495	0.821231	26.836607	0.995800	0.580298	0.278359	228	288	0.000000	59	10008	32.503337	0.883014	0.998061	30.478315	0.292766	0.571033	246	17.109175	0.316792	0.931883	11.361006	0.940095	0.321781	-2.438562	0.567297	-4.005315	-0.199759	True	0.687494	26.154589	0.621531	24.404346	0.714131	0.614447	0.618740	26.791849	0.995137	UIT_3_y256x512
UIT_3_y512x256.png	0.643845	0.759777	0.863492	0.890765	0.837841	0.986102	22.862199	0.991748	23.941220	0.584575	0.763861	0.853423	26.402019	0.662248	10360	18	5	45	73	1.921922	0.277778	333	320	1450.099639	3.256458	0.000000	-0.018368	-4.227493	-0.008825	-0.004314	-0.018949	3130.829811	0.584575	0.584575	18	5	13	45	73	1.921922	0.277778	18	7	333	320	215	4.531561	3.256458	1450.099639	0.000000	48890	4.719112	6.325869	256x256	65536	dense	Learned	1276	18	67	10249	30.813606	0.836867	27.113594	0.996061	0.603524	0.403613	134	311	0.000000	67	10344	33.588365	0.893817	0.998374	31.243579	0.424881	0.598143	250	17.416327	0.416955	0.930362	11.659437	0.990995	0.361696	-3.172374	0.360248	-4.411587	-0.174619	True	0.644335	26.408081	0.662390	23.943985	0.852412	0.727468	0.662214	27.089692	0.994927	UIT_3_y512x256
UIT_3_y512x512.png	0.299126	0.343802	0.511685	0.441321	0.608743	0.970222	20.243636	0.963926	25.899100	0.447961	0.865436	1.942676	25.222235	0.459691	8857	7	3	25	34	1.953488	0.428571	172	168	791.440692	6.953171	0.000000	-0.013364	-7.033869	-0.017949	-0.012628	0.014699	9894.081354	0.447961	0.447961	7	3	4	25	34	1.953488	0.428571	7	2	172	168	113	4.710957	6.953171	791.440692	0.000000	48543	5.480750	7.399345	256x256	65536	dense	Frangi	1379	7	61	8681	29.805172	0.737429	27.389653	0.976554	0.433262	0.299203	372	741	0.000000	51	8756	31.619908	0.838829	0.986977	29.657751	0.194704	0.419785	250	24.150446	0.400505	0.928706	22.024862	0.997032	0.379607	-1.490553	0.566232	-4.582936	-0.277738	True	0.299179	25.221477	0.459661	25.899265	0.467177	0.907573	0.312490	27.277505	0.988171	UIT_3_y512x512
UIT_3_y768x256.png	0.549926	0.544400	0.704999	0.831063	0.612142	0.994245	21.240790	0.997645	24.124048	0.622124	0.509992	1.025375	30.906880	0.666621	1589	3	0	2	8	1.777778	0.000000	27	24	120.154329	5.931631	0.000000	-0.089519	-2.585327	-0.002340	0.000593	0.020836	1720.838308	0.622124	0.622124	3	0	3	2	8	1.777778	0.000000	3	0	27	24	17	5.006430	5.931631	120.154329	0.000000	43323	27.264317	41.243549	256x256	65536	sparse	Otsu	197	3	19	1565	31.846780	0.687596	23.267136	0.997053	0.601288	0.632121	6	8	0.000000	38	1538	32.894241	0.716264	0.998920	27.173150	0.454471	0.601131	5879	35.028167	0.810299	0.999883	36.548864	0.259534	0.597482	0.856912	-0.122129	-0.939900	-0.020975	True	0.548780	30.908375	0.666701	24.125664	0.778352	0.798103	0.639445	23.826118	0.996585	UIT_3_y768x256
UIT_3_y768x512.png	0.320641	0.366575	0.536488	0.834182	0.395386	0.983398	21.971941	0.997715	25.449386	0.154746	0.820036	1.269676	28.849164	0.564262	2552	4	9	23	15	2.108696	2.250000	92	97	383.279221	2.668357	0.000000	-0.045866	-3.584543	-0.004356	0.000093	-0.037693	1364.099503	0.154746	0.154746	4	9	-5	23	15	2.108696	2.250000	4	7	92	97	54	3.951332	2.668357	383.279221	0.000000	45352	17.771160	25.680251	256x256	65536	sparse	Learned	320	4	25	2503	30.433769	0.649421	25.455209	0.997623	0.192439	0.298517	136	129	0.000000	33	2422	31.030645	0.681231	0.998147	26.279249	0.233617	0.214118	3661	32.114726	0.710342	0.999411	31.394895	0.163494	0.211695	-0.005823	0.521519	-1.584605	-0.085158	True	0.320796	28.847934	0.564262	25.456737	0.784185	0.995661	0.366507	25.556484	0.987754	UIT_3_y768x512
