filename	gt_iou	seg_iou	seg_f1	seg_precision	seg_recall	gt_fg_ssim	gt_fg_psnr	ng_fg_ssim	ng_fg_psnr	ng_iou	ng_topo_q	topo_preservation	ng_psnr	ng_ssim	ng_bytes	graph_n_components	graph_n_cycles	graph_n_junctions	graph_n_endpoints	graph_mean_degree	graph_complexity	n_nodes	n_edges	total_edge_length	mean_width_px	mean_curvature	delta_gt_iou	delta_gt_fg_psnr	delta_gt_fg_ssim	delta_fg_ssim	delta_iou	total_time_ms	ng_recon_iou	ng_n_components	ng_n_cycles	ng_euler_characteristic	ng_n_junctions	ng_n_endpoints	ng_mean_degree	ng_graph_complexity	ng_seg_beta_0	ng_seg_beta_1	graph_n_nodes	graph_n_edges	graph_n_sampled	graph_mean_edge_length	graph_mean_width	graph_total_edge_length	graph_mean_curvature	png_bytes	ng_vs_png	ng_vs_raw	image_shape	image_pixels	image_type	segmenter	n_points	n_structures	jpeg_quality	jpeg_bytes	jpeg_psnr	jpeg_ssim	jpeg_fg_psnr	jpeg_fg_ssim	jpeg_iou	jpeg_topo_q	jpeg_beta_0	jpeg_beta_1	jpeg_betti_preservation	webp_quality	webp_bytes	webp_psnr	webp_ssim	webp_fg_ssim	webp_fg_psnr	webp_topo_q	webp_iou	jp2_bytes	jp2_psnr	jp2_ssim	jp2_fg_ssim	jp2_fg_psnr	jp2_topo_q	jp2_iou	delta_fg_psnr	delta_topo_q	delta_psnr	delta_ssim	gt_available	gt_topology_q	recon_topology_q	jpeg_gt_iou	jpeg_gt_fg_psnr	jpeg_gt_fg_ssim	stem
irm_in_vitro_microtubules_0.png	0.027065	0.612916	0.760010	0.733806	0.788154	0.991991	17.843529	0.996041	20.993710	1.000000	0.869123	0.329128	17.222716	0.161592	25949	39	50	104	107	2.011329	1.282051	1942	1953	4649.581853	2.465195	0.109358	0.001917	-1.304228	-0.001652	0.002006	0.973228	7638.057470	0.031561	39	50	-11	104	107	2.011329	1.282051	40	2	1942	1953	1731	2.380738	2.465195	4649.581853	0.109358	236897	9.129331	10.102278	512x512	262144	sparse	Learned	2062	40	15	25551	20.332245	0.612192	19.156414	0.994035	0.026772	1.000000	53	6538	0.000000	2	24404	21.006701	0.683590	0.995698	20.496656	1.000000	0.032978	1295	17.454910	0.141354	0.979828	13.710313	1.000000	0.024269	1.837296	-0.130877	-3.109528	-0.450601	True	0.927983	0.305426	0.025148	19.147756	0.993643	irm_in_vitro_microtubules_0
irm_in_vitro_microtubules_1.png	0.001290	0.569009	0.725310	0.622222	0.869340	0.999642	18.344463	0.999707	19.781040	1.000000	0.522886	1.967126	16.146855	0.046715	2735	5	0	0	10	1.931973	0.000000	147	142	218.107648	2.469245	0.032617						3471.757412	0.002106	5	0	5	0	10	1.931973	0.000000	5	0	147	142	137	1.535969	2.469245	218.107648	0.032617	247631	90.541499	95.847898	512x512	262144	sparse	Learned	267	5																															True	0.508356	1.000000				irm_in_vitro_microtubules_1
irm_in_vitro_microtubules_10.png	0.014180	0.480073	0.648715	0.654263	0.643261	0.991471	13.714068	0.999046	23.332453	1.000000	0.634478	1.423003	18.732670	0.133843	10763	28	1	3	57	1.938286	0.035714	875	848	1515.376767	2.691815	0.043924	0.007225	-5.014853	-0.004702	0.001523	0.992501	4046.371222	0.008553	28	1	27	3	57	1.938286	0.035714	28	0	875	848	815	1.787001	2.691815	1515.376767	0.043924	223008	20.719874	24.356035	512x512	262144	sparse	Learned	995	28	6	9845	20.721603	0.475875	19.086720	0.997523	0.007499	1.000000	59	3268	0.000000									14062	21.948870	0.570725	0.998696	22.012412	0.999997	0.007268	4.245733	-0.365522	-1.988933	-0.342032	True	0.452650	0.644122	0.006955	18.728921	0.996173	irm_in_vitro_microtubules_10
irm_in_vitro_microtubules_11.png	0.015413	0.495297	0.662473	0.662141	0.662805	0.991353	14.201394	0.999130	24.754084	1.000000	0.586742	1.646994	19.295103	0.165876	12650	38	5	12	80	1.934589	0.131579	1009	976	1805.058008	2.597129	0.057815	0.007950	-6.420137	-0.005612	0.001311	0.991793	4227.442741	0.010574	38	5	33	12	80	1.934589	0.131579	38	0	1009	976	917	1.849445	2.597129	1805.058008	0.057815	211498	16.719209	20.722846	512x512	262144	sparse	Learned	1129	38	7	11821	22.342416	0.599498	20.609304	0.997819	0.008207	0.999452	136	3127	0.000000	1	10810	22.779527	0.532483	0.998171	21.360941	1.000000	0.011801	2593	20.538961	0.286869	0.994179	16.338115	1.000000	0.006841	4.144780	-0.412710	-3.047313	-0.433622	True	0.437334	0.720286	0.007463	20.621531	0.996965	irm_in_vitro_microtubules_11
irm_in_vitro_microtubules_12.png	0.005321	0.563727	0.721004	0.739036	0.703832	0.996549	13.497152	0.999669	24.425721	1.000000	0.597842	2.103149	18.897160	0.106489	5034	11	0	0	22	1.938202	0.000000	356	345	526.036580	2.773757	0.029686	0.004004	-3.233278	-0.000614	0.001328	0.998292	3460.876942	0.004168	11	0	11	0	22	1.938202	0.000000	11	0	356	345	334	1.524744	2.773757	526.036580	0.029686	214376	42.585618	52.074692	512x512	262144	sparse	Learned	476	11	3	4822	19.494200	0.271275	17.105312	0.998341	0.001708	0.545149	465	270	0.000000																7.320409	0.052693	-0.597040	-0.164785	True	0.475476	0.999996	0.001317	16.730430	0.997163	irm_in_vitro_microtubules_12
irm_in_vitro_microtubules_13.png	0.012779	0.476625	0.645560	0.828857	0.528652	0.992603	12.635327	0.999736	26.787573	1.000000	0.520609	1.646834	21.538087	0.224980	6518	21	0	1	39	1.915493	0.000000	497	476	796.705627	2.653429	0.037580	0.008668	-7.258296	-0.005110	0.000906	0.997869	3498.651981	0.002922	21	0	21	1	39	1.915493	0.000000	21	1	497	476	457	1.673751	2.653429	796.705627	0.037580	195640	30.015342	40.218472	512x512	262144	sparse	Learned	617	21	5	5806	23.539024	0.429745	20.292249	0.998831	0.002131	0.961483	186	976	0.000000	1	6362	24.884926	0.468267	0.999200	21.821172	1.000000	0.004613	23596	28.344837	0.801671	0.999838	28.652933	0.950095	0.002521	6.495324	-0.440875	-2.000937	-0.204764	True	0.344085	0.566651	0.004111	19.893623	0.997714	irm_in_vitro_microtubules_13
irm_in_vitro_microtubules_14.png	0.010924	0.431395	0.602761	0.666956	0.549839	0.989837	11.827086	0.999643	26.694701	1.000000	0.551953	1.972440	21.233614	0.221810	7233	21	3	7	44	1.934664	0.142857	551	533	907.671140	2.712375	0.050891	0.008268	-7.870749	-0.007059	0.001083	0.996677	3698.489428	0.003926	21	3	18	7	44	1.934664	0.142857	21	0	551	533	500	1.702948	2.712375	907.671140	0.050891	193899	26.807549	36.242776	512x512	262144	sparse	Learned	671	21	5	6352	23.484913	0.469614	20.183226	0.998560	0.003323	1.000000	9	1074	0.000000	1	6990	24.929988	0.503894	0.999063	22.053090	1.000000	0.006160	21131	28.354908	0.811310	0.999796	28.527266	0.999846	0.002677	6.511475	-0.448047	-2.251299	-0.247804	True	0.331279	0.653428	0.002656	19.697835	0.996896	irm_in_vitro_microtubules_14
irm_in_vitro_microtubules_15.png	0.017549	0.607474	0.755812	0.749128	0.762616	0.993446	16.863716	0.998516	23.596594	1.000000	0.727922	0.664832	17.215998	0.125994	16576	36	10	24	76	1.957586	0.277778	1226	1200	2637.015511	2.520881	0.093742	0.005791	-3.012804	-0.002403	0.001955	0.987585	4487.419128	0.015530	36	10	26	24	76	1.957586	0.277778	36	0	1226	1200	1126	2.197513	2.520881	2637.015511	0.093742	222417	13.418014	15.814672	512x512	262144	sparse	Learned	1346	36	7	15200	20.866978	0.672282	19.769526	0.996561	0.012415	1.000000	67	3692	0.000000	1	15994	21.653857	0.681064	0.997471	21.067793	1.000000	0.013772	1843	17.816764	0.219719	0.988948	14.578874	1.000000	0.010717	3.827068	-0.272078	-3.650980	-0.546288	True	0.638997	0.424825	0.011758	19.876519	0.995849	irm_in_vitro_microtubules_15
irm_in_vitro_microtubules_16.png	0.018140	0.627922	0.771440	0.770304	0.772579	0.993543	16.750207	0.998400	23.030562	1.000000	0.838214	0.615749	16.920571	0.120968	17668	27	22	48	62	1.992785	0.814815	1386	1381	2731.363707	2.562410	0.070586	0.005186	-2.951726	-0.002315	0.001824	0.986344	4887.247562	0.016784	27	22	5	48	62	1.992785	0.814815	27	0	1386	1381	1276	1.977816	2.562410	2731.363707	0.070586	228020	12.905818	14.837220	512x512	262144	sparse	Learned	1506	27	8	17400	20.460745	0.665852	19.610674	0.996576	0.013656	1.000000	65	4508	0.000000									1739	17.415607	0.200796	0.988195	14.179272	1.000000	0.012427	3.419888	-0.161786	-3.540174	-0.544884	True	0.682522	0.420262	0.012955	19.701933	0.995858	irm_in_vitro_microtubules_16
irm_in_vitro_microtubules_17.png	0.004032	0.630355	0.773274	0.713694	0.843706	0.998533	17.535115	0.999371	21.250092	1.000000	0.617107	0.975782	14.832478	0.048167	6071	12	0	2	26	1.942584	0.000000	418	406	681.076306	2.559998	0.045872						3623.023510	0.004862	12	0	12	2	26	1.942584	0.000000	13	1	418	406	390	1.677528	2.559998	681.076306	0.045872	246960	40.678636	43.179707	512x512	262144	sparse	Learned	538	13																															True	0.613811	0.598946				irm_in_vitro_microtubules_17
irm_in_vitro_microtubules_18.png	0.004902	0.531952	0.694476	0.788836	0.620279	0.997379	14.199366	0.999613	23.470023	1.000000	0.547967	1.461669	18.263554	0.083253	4222	10	0	0	20	1.926740	0.000000	273	263	439.190909	2.734970	0.048153						3533.953667	0.001937	10	0	10	0	20	1.926740	0.000000	10	0	273	263	253	1.669927	2.734970	439.190909	0.048153	220378	52.197537	62.090005	512x512	262144	sparse	Learned	393	10																															True	0.460859	0.673623				irm_in_vitro_microtubules_18
irm_in_vitro_microtubules_19.png	0.005165	0.670174	0.802520	0.763310	0.845977	0.998918	19.585445	0.999658	24.676223	1.000000	0.683815	1.122495	21.740385	0.189132	6949	14	2	4	27	1.958478	0.142857	578	566	900.452886	2.627703	0.043425	0.000737	0.442206	0.000221	0.000782	0.994559	3659.443140	0.006799	14	2	12	4	27	1.958478	0.142857	14	0	578	566	547	1.590906	2.627703	900.452886	0.043425	205088	29.513311	37.723989	512x512	262144	sparse	Learned	698	14	6	6202	22.898590	0.361194	19.380211	0.998876	0.005441	1.000000	7	1511	0.000000	1	6806	23.852163	0.394043	0.999238	20.929342	1.000000	0.008564	21545	26.282971	0.717324	0.999735	25.501876	1.000000	0.006099	5.296012	-0.316185	-1.158204	-0.172062	True	0.627959	0.704880	0.004428	19.143239	0.998697	irm_in_vitro_microtubules_19
irm_in_vitro_microtubules_2.png	0.005348	0.244347	0.392732	0.500406	0.323190	0.997803	12.407164	0.999682	19.550393	1.000000	0.588522	2.936795	15.545545	0.041973	3001	5	0	0	10	1.942529	0.000000	174	169	248.066017	2.505992	0.025898						3227.160215	0.001749	5	0	5	0	10	1.942529	0.000000	5	0	174	169	164	1.467846	2.505992	248.066017	0.025898	249873	83.263246	87.352216	512x512	262144	sparse	Learned	294	5																															True	0.291220	0.855254				irm_in_vitro_microtubules_2
irm_in_vitro_microtubules_20.png	0.001184	0.593458	0.744868	0.753262	0.736659	0.999158	13.412182	0.999833	21.265584	1.000000	0.658133	1.674912	16.445404	0.047371	2273	3	0	0	6	1.954887	0.000000	133	130	167.941125	2.786846	0.016238						2892.670870	0.000885	3	0	3	0	6	1.954887	0.000000	3	0	133	130	127	1.291855	2.786846	167.941125	0.016238	244750	107.677079	115.329520	512x512	262144	sparse	Learned	253	3																															True	0.519054	0.869370				irm_in_vitro_microtubules_20
irm_in_vitro_microtubules_21.png	0.004055	0.537754	0.699402	0.806786	0.617246	0.998671	15.491700	0.999838	24.670688	1.000000	0.593430	1.467590	20.930871	0.143775	3274	7	2	4	15	1.956332	0.285714	229	224	343.137085	2.738425	0.025879						3217.375517	0.001716	7	2	5	4	15	1.956332	0.285714	7	0	229	224	210	1.531862	2.738425	343.137085	0.025879	208648	63.728772	80.068418	512x512	262144	sparse	Learned	349	7																															True	0.428791	0.629289				irm_in_vitro_microtubules_21
irm_in_vitro_microtubules_22.png	0.004459	0.343768	0.511648	0.811218	0.373661	0.998337	12.899253	0.999938	24.553162	1.000000	0.472708	3.571505	20.096738	0.114594	1946	4	0	0	8	1.919192	0.000000	99	95	137.254834	2.720990	0.031231						3166.452408	0.001138	4	0	4	0	8	1.919192	0.000000	4	0	99	95	91	1.444788	2.720990	137.254834	0.031231	213190	109.552929	134.709147	512x512	262144	sparse	Learned	219	4																															True	0.274705	0.981109				irm_in_vitro_microtubules_22
irm_in_vitro_microtubules_23.png	0.002590	0.498280	0.665136	0.783589	0.577793	0.998112	12.652926	0.999816	23.029786	1.000000	0.588522	2.263016	16.761759	0.054054	2438	5	0	0	10	1.940828	0.000000	169	164	229.426407	2.528847	0.018879						3471.162081	0.000982	5	0	5	0	10	1.940828	0.000000	5	0	169	164	159	1.398942	2.528847	229.426407	0.018879	234312	96.108285	107.524200	512x512	262144	sparse	Learned	289	5																															True	0.374998	0.848626				irm_in_vitro_microtubules_23
irm_in_vitro_microtubules_24.png	0.002067	0.557540	0.715924	0.796034	0.650463	0.998990	14.511793	0.999848	23.291312	1.000000	0.563078	1.904674	17.733028	0.066206	2520	5	0	0	10	1.937888	0.000000	161	156	212.355339	2.421893	0.013112						3334.488153	0.001139	5	0	5	0	10	1.937888	0.000000	5	0	161	156	151	1.361252	2.421893	212.355339	0.013112	231552	91.885714	104.025397	512x512	262144	sparse	Learned	281	5																															True	0.438856	0.835878				irm_in_vitro_microtubules_24
irm_in_vitro_microtubules_25.png	0.004778	0.551926	0.711279	0.775660	0.656766	0.998948	17.802881	0.999784	23.935967	1.000000	0.643884	1.269208	19.528654	0.117269	4317	8	0	0	16	1.949367	0.000000	316	308	478.730014	2.541581	0.040236						3381.192207	0.003500	8	0	8	0	16	1.949367	0.000000	8	0	316	308	300	1.554318	2.541581	478.730014	0.040236	216517	50.154505	60.723651	512x512	262144	sparse	Learned	436	8																															True	0.483837	0.614090				irm_in_vitro_microtubules_25
irm_in_vitro_microtubules_26.png	0.002608	0.598662	0.748954	0.942105	0.621528	0.999609	18.757099	0.999939	25.746431	1.000000	0.505397	1.908713	20.272477	0.136820	2191	5	0	0	10	1.930070	0.000000	143	138	192.539105	2.563281	0.034253						3143.234968	0.001164	5	0	5	0	10	1.930070	0.000000	5	0	143	138	133	1.395211	2.563281	192.539105	0.034253	206245	94.132816	119.645824	512x512	262144	sparse	Learned	263	5																															True	0.397499	0.758712				irm_in_vitro_microtubules_26
irm_in_vitro_microtubules_27.png	0.002711	0.568410	0.724823	0.723545	0.726106	0.999316	19.070902	0.999792	24.862863	1.000000	0.687408	1.166960	19.537596	0.114513	4005	7	0	0	14	1.953177	0.000000	299	292	440.178716	2.690313	0.032321						3473.465204	0.002144	7	0	7	0	14	1.953177	0.000000	7	0	299	292	285	1.507461	2.690313	440.178716	0.032321	212308	53.010737	65.454182	512x512	262144	sparse	Learned	419	7																															True	0.608503	0.710099				irm_in_vitro_microtubules_27
irm_in_vitro_microtubules_28.png	0.002955	0.561619	0.719278	0.781151	0.666487	0.999325	17.619392	0.999867	25.494313	1.000000	0.525266	1.539911	20.752360	0.154422	3131	8	0	0	16	1.924528	0.000000	212	204	317.338095	2.552972	0.036963						3350.930214	0.002000	8	0	8	0	16	1.924528	0.000000	8	0	212	204	196	1.555579	2.552972	317.338095	0.036963	205003	65.475248	83.725327	512x512	262144	sparse	Learned	332	8																															True	0.424622	0.653879				irm_in_vitro_microtubules_28
irm_in_vitro_microtubules_29.png	0.023937	0.621820	0.766818	0.739297	0.796467	0.994604	18.221292	0.997433	21.631088	1.000000	0.875472	0.328430	16.168463	0.117128	21963	28	24	51	71	1.995215	0.857143	1672	1668	3585.379159	2.649194	0.072122	0.001726	0.014077	0.000206	0.002986	0.976187	5298.695087	0.026343	28	24	4	51	71	1.995215	0.857143	31	2	1672	1668	1550	2.149508	2.649194	3585.379159	0.072122	241824	11.010518	11.935710	512x512	262144	sparse	Learned	1792	31	9	20669	18.641249	0.599654	18.254900	0.994447	0.023813	0.999791	165	6138	0.000000									1228	16.358336	0.115751	0.985638	13.941378	1.000000	0.024419	3.376188	-0.124319	-2.472786	-0.482526	True	0.979893	0.321826	0.022211	18.207215	0.994398	irm_in_vitro_microtubules_29
irm_in_vitro_microtubules_3.png	0.031045	0.562760	0.720213	0.765311	0.680134	0.992823	18.015220	0.998680	26.080216	1.000000	0.820367	0.430171	18.557612	0.210201	20194	36	16	36	85	1.976091	0.444444	1673	1653	3783.385913	2.470010	0.096759	0.005256	-7.229122	-0.005450	0.000214	0.983452	4901.562691	0.018366	36	16	20	36	85	1.976091	0.444444	38	0	1673	1653	1552	2.288800	2.470010	3783.385913	0.096759	198496	9.829454	12.981282	512x512	262144	sparse	Learned	1793	38	13	19686	26.446331	0.833992	25.077789	0.998466	0.016548	1.000000	40	2659	0.000000	9	20160	26.703536	0.829788	0.998422	24.924708	1.000000	0.017816	1577	19.790356	0.306301	0.988205	15.779793	1.000000	0.016439	1.002427	-0.179633	-7.888719	-0.623791	True	0.863305	0.371369	0.025789	25.244341	0.998273	irm_in_vitro_microtubules_3
irm_in_vitro_microtubules_30.png	0.002876	0.414299	0.585872	0.841713	0.449304	0.998488	11.076492	0.999918	22.496555	1.000000	0.496749	2.822057	17.208057	0.053958	1690	3	0	0	6	1.928571	0.000000	84	81	109.526912	2.572316	0.025884						3075.983763	0.001034	3	0	3	0	6	1.928571	0.000000	3	0	84	81	78	1.352184	2.572316	109.526912	0.025884	236543	139.966272	155.114793	512x512	262144	sparse	Learned	204	3																															True	0.354351	1.000000				irm_in_vitro_microtubules_30
irm_in_vitro_microtubules_31.png	0.001484	0.791667	0.883721	0.892265	0.875339	0.999692	18.107482	0.999829	20.083499	1.000000	0.448437	2.151747	14.606578	0.031215	2093	4	0	0	8	1.911111	0.000000	90	86	128.669048	2.850902	0.034843						2724.580526	0.001392	4	0	4	0	8	1.911111	0.000000	4	0	90	86	82	1.496152	2.850902	128.669048	0.034843	256446	122.525561	125.247969	512x512	262144	sparse	Learned	210	4																															True	0.464739	1.000000				irm_in_vitro_microtubules_31
irm_in_vitro_microtubules_32.png	0.021996	0.705950	0.827633	0.857818	0.799500	0.995922	19.871217	0.998633	24.541680	1.000000	0.873858	0.498428	19.418220	0.189410	19968	29	27	57	66	1.997487	0.931034	1592	1590	3399.941484	2.486795	0.091397	-0.003553	-2.133200	-0.001610	0.000999	0.980456	5272.212744	0.022221	29	27	2	57	66	1.997487	0.931034	29	0	1592	1590	1469	2.138328	2.486795	3399.941484	0.091397	212410	10.637520	13.128205	512x512	262144	sparse	Learned	1712	29	12	19128	23.592110	0.690842	21.894200	0.997634	0.019544	1.000000	16	5152	0.000000	5	19062	24.235297	0.692954	0.998199	23.087662	1.000000	0.025604	1582	20.115381	0.211961	0.988986	15.159473	1.000000	0.018011	2.647480	-0.126142	-4.173889	-0.501432	True	0.812066	0.404757	0.025549	22.004418	0.997532	irm_in_vitro_microtubules_32
irm_in_vitro_microtubules_33.png	0.003549	0.622071	0.767008	0.809297	0.728919	0.997891	17.801216	0.999658	27.870270	1.000000	0.638050	1.201927	24.448971	0.422974	6802	16	2	5	30	1.947955	0.125000	538	524	937.732106	2.591424	0.061444	-0.002601	-6.576619	-0.001355	0.000354	0.995694	3960.430861	0.001945	16	2	14	5	30	1.947955	0.125000	16	0	538	524	503	1.789565	2.591424	937.732106	0.061444	160997	23.669068	38.539253	512x512	262144	sparse	Learned	658	16	8	6641	28.420937	0.643219	24.341167	0.999303	0.004306	1.000000	4	77	0.000000	8	6540	30.005846	0.678744	0.999387	24.820553	1.000000	0.004627	22153	35.568231	0.920621	0.999943	35.029442	1.000000	0.004579	3.529103	-0.361950	-3.971966	-0.220245	True	0.568721	0.683561	0.006151	24.377835	0.999247	irm_in_vitro_microtubules_33
irm_in_vitro_microtubules_34.png	0.014210	0.570055	0.726160	0.915134	0.601874	0.997123	17.506887	0.999652	25.405773	1.000000	0.691567	0.958535	21.709527	0.200356	7658	16	5	12	34	1.963993	0.312500	611	600	1042.394011	2.617430	0.054635	0.001177	-2.825829	-0.001225	0.000874	0.994136	3939.613342	0.007405	16	5	11	12	34	1.963993	0.312500	16	0	611	600	565	1.737323	2.617430	1042.394011	0.054635	200807	26.221859	34.231392	512x512	262144	sparse	Learned	731	16	6	6597	23.371666	0.420721	19.905293	0.998777	0.005864	1.000000	7	1827	0.000000	1	6422	24.204061	0.412884	0.999144	21.367798	1.000000	0.010118	19714	26.741666	0.730813	0.999694	25.807515	1.000000	0.006033	5.500479	-0.308433	-1.662139	-0.220365	True	0.636773	0.610369	0.013033	20.332716	0.998348	irm_in_vitro_microtubules_34
irm_in_vitro_microtubules_35.png	0.012754	0.590880	0.742835	0.721186	0.765824	0.997578	18.968676	0.999282	25.041644	1.000000	0.751960	0.668733	20.669420	0.195086	12321	23	11	24	51	1.974737	0.478261	950	938	1939.676069	2.510710	0.083160	0.001866	-2.343371	-0.000671	0.000903	0.989528	4498.238325	0.012533	23	11	12	24	51	1.974737	0.478261	24	0	950	938	875	2.067885	2.510710	1939.676069	0.083160	204254	16.577713	21.276195	512x512	262144	sparse	Learned	1070	24	9	11992	23.934927	0.595903	21.244455	0.998379	0.010472	1.000000	18	3821	0.000000	3	11310	24.465353	0.552489	0.998714	22.190713	1.000000	0.015428	2629	22.167418	0.301654	0.996150	17.531080	1.000000	0.012091	3.797189	-0.248040	-3.265507	-0.400817	True	0.726102	0.485568	0.010888	21.312047	0.998250	irm_in_vitro_microtubules_35
irm_in_vitro_microtubules_36.png	0.002014	0.590284	0.742363	0.688770	0.805000	0.998397	14.400430	0.999776	24.018175	1.000000	0.563951	2.024483	21.929956	0.172162	3820	7	0	0	15	1.944882	0.000000	254	247	376.806133	2.630850	0.025629						3466.601849	0.002482	7	0	7	0	15	1.944882	0.000000	8	0	254	247	239	1.525531	2.630850	376.806133	0.025629	201601	52.775131	68.624084	512x512	262144	sparse	Learned	374	8																															True	0.396925	0.803569				irm_in_vitro_microtubules_36
irm_in_vitro_microtubules_37.png	0.004363	0.543213	0.704003	0.681315	0.728253	0.998222	15.374218	0.999803	25.848826	1.000000	0.699408	1.152924	21.770100	0.188217	5650	10	0	1	19	1.956427	0.000000	459	449	634.149278	2.550215	0.026724	-0.000390	-3.240172	-0.000553	0.000909	0.994790	3697.434664	0.004285	10	0	10	1	19	1.956427	0.000000	10	0	459	449	439	1.412359	2.550215	634.149278	0.026724	196895	34.848673	46.397168	512x512	262144	sparse	Learned	579	10	4	4587	22.848395	0.312252	18.489611	0.998894	0.005210	1.000000	2	288	0.000000																7.359215	-0.300592	-1.078295	-0.124036	True	0.570938	0.658248	0.004752	18.614390	0.998776	irm_in_vitro_microtubules_37
irm_in_vitro_microtubules_38.png	0.004235	0.460349	0.630464	0.800520	0.520000	0.997586	11.743815	0.999834	23.837179	1.000000	0.570013	2.567972	19.399266	0.097002	2772	5	0	0	10	1.941520	0.000000	171	166	227.124892	2.569717	0.022209						3285.679579	0.001678	5	0	5	0	10	1.941520	0.000000	5	0	171	166	161	1.368222	2.569717	227.124892	0.022209	217436	78.440115	94.568543	512x512	262144	sparse	Learned	291	5																															True	0.389412	1.000000				irm_in_vitro_microtubules_38
irm_in_vitro_microtubules_39.png	0.004215	0.533684	0.695950	0.743180	0.654364	0.998264	13.546072	0.999861	24.189298	1.000000	0.624689	2.176946	20.474117	0.116287	3365	6	0	0	12	1.951020	0.000000	245	239	309.953319	2.546375	0.015302						3447.774410	0.003387	6	0	6	0	12	1.951020	0.000000	6	0	245	239	233	1.296876	2.546375	309.953319	0.015302	217281	64.570877	77.903120	512x512	262144	sparse	Learned	365	6																															True	0.459359	1.000000				irm_in_vitro_microtubules_39
irm_in_vitro_microtubules_4.png	0.007162	0.562500	0.720000	0.814575	0.645101	0.997925	16.367937	0.999353	20.609437	1.000000	0.625266	1.053678	17.440136	0.073399	6127	13	2	4	26	1.950450	0.153846	444	433	686.646753	2.613654	0.034222	0.000184	0.272776	0.000307	0.001365	0.996117	3580.299139	0.004890	13	2	11	4	26	1.950450	0.153846	13	0	444	433	414	1.585789	2.613654	686.646753	0.034222	241233	39.372123	42.785050	512x512	262144	sparse	Learned	564	13	4	5092	17.758767	0.165732	15.808412	0.997988	0.003883	1.000000	13	1481	0.000000									24480	20.153438	0.627738	0.999149	19.435328	1.000000	0.005128	4.801024	-0.374734	-0.318631	-0.092332	True	0.578329	0.609372	0.006978	16.095160	0.997619	irm_in_vitro_microtubules_4
irm_in_vitro_microtubules_40.png	0.003386	0.499771	0.666463	0.840927	0.551951	0.997705	12.572064	0.999854	24.204158	1.000000	0.645129	2.130337	19.489105	0.098368	2774	5	0	0	10	1.951456	0.000000	206	201	266.840620	2.599004	0.014857						3367.222309	0.001405	5	0	5	0	10	1.951456	0.000000	5	0	206	201	196	1.327565	2.599004	266.840620	0.014857	217239	78.312545	94.500360	512x512	262144	sparse	Learned	326	5																															True	0.424011	0.903286				irm_in_vitro_microtubules_40
irm_in_vitro_microtubules_41.png	0.008990	0.480710	0.649297	0.862809	0.520494	0.997705	16.806532	0.999743	25.483737	1.000000	0.606103	0.786027	18.554428	0.125447	5213	12	2	3	23	1.950125	0.166667	401	391	612.931024	2.600848	0.037076	0.002536	-0.893259	-0.000174	0.001170	0.997682	3706.671000	0.002571	12	2	10	3	23	1.950125	0.166667	12	0	401	391	375	1.567599	2.600848	612.931024	0.037076	203649	39.065605	50.286591	512x512	262144	sparse	Learned	521	12	2	5150	19.486677	0.349534	17.624189	0.998574	0.002318	0.853995	238	311	0.000000																7.859548	-0.247892	-0.932249	-0.224087	True	0.593002	0.466116	0.006455	17.699791	0.997879	irm_in_vitro_microtubules_41
irm_in_vitro_microtubules_42.png	0.008720	0.514981	0.679851	0.766802	0.610611	0.998095	17.025869	0.999826	27.087214	1.000000	0.480038	1.718644	21.156488	0.218194	5571	20	1	3	41	1.913043	0.050000	437	418	681.391919	2.622480	0.039731	0.002121	-1.892135	-0.000381	0.000931	0.994352	3731.633186	0.004760	20	1	19	3	41	1.913043	0.050000	20	0	437	418	393	1.630124	2.622480	681.391919	0.039731	194415	34.897684	47.055107	512x512	262144	sparse	Learned	557	20	4	5274	22.704298	0.388904	18.834975	0.998894	0.005648	1.000000	2	1031	0.000000																8.252239	-0.519962	-1.547810	-0.170710	True	0.387051	0.665203	0.006599	18.918003	0.998476	irm_in_vitro_microtubules_42
irm_in_vitro_microtubules_43.png	0.006589	0.442161	0.613192	0.638258	0.590020	0.998517	17.053575	0.999520	21.939288	1.000000	0.557677	1.222991	19.658659	0.114672	5230	14	0	0	28	1.929114	0.000000	395	381	633.629509	2.572522	0.043241	0.001972	-1.374926	-0.000287	0.000698	0.996738	3669.801474	0.004563	14	0	14	0	28	1.929114	0.000000	14	0	395	381	367	1.663070	2.572522	633.629509	0.043241	226477	43.303442	50.123136	512x512	262144	sparse	Learned	515	14	5	5139	20.490964	0.225244	18.144194	0.998822	0.003262	1.000000	12	1034	0.000000																3.795094	-0.442323	-0.832305	-0.110572	True	0.485114	0.593290	0.004617	18.428501	0.998803	irm_in_vitro_microtubules_43
irm_in_vitro_microtubules_44.png	0.002671	0.484592	0.652828	0.826544	0.539451	0.998524	13.229641	0.999791	24.112844	1.000000	0.520495	2.225407	17.194042	0.076246	2101	4	0	0	8	1.930435	0.000000	115	111	165.367532	2.394967	0.032486						3353.683949	0.000881	4	0	4	0	8	1.930435	0.000000	4	0	115	111	107	1.489798	2.394967	165.367532	0.032486	210631	100.252737	124.771061	512x512	262144	sparse	Learned	235	4																															True	0.449356	1.000000				irm_in_vitro_microtubules_44
irm_in_vitro_microtubules_45.png	0.001270	0.430796	0.602177	0.805825	0.480695	0.999696	15.256056	0.999951	21.261370	1.000000	0.692721	1.207150	16.358815	0.044563	1091	1	0	0	2	1.961538	0.000000	52	51	59.242641	2.743822	0.004511						2465.730429	0.000444	1	0	1	0	2	1.961538	0.000000	1	0	52	51	50	1.161620	2.743822	59.242641	0.004511	246420	225.866178	240.278643	512x512	262144	sparse	Learned	172	1																															True	0.550671	0.664743				irm_in_vitro_microtubules_45
irm_in_vitro_microtubules_46.png	0.001390	0.542331	0.703262	0.876984	0.586985	0.999787	19.024399	0.999911	21.305192	1.000000	0.589344	1.379522	18.272105	0.078427	1425	2	0	0	4	1.946667	0.000000	75	73	100.254834	2.504580	0.025210						2889.959574	0.000521	2	0	2	0	4	1.946667	0.000000	2	0	75	73	71	1.373354	2.504580	100.254834	0.025210	231505	162.459649	183.960702	512x512	262144	sparse	Learned	195	2																															True	0.574007	0.791856				irm_in_vitro_microtubules_46
irm_in_vitro_microtubules_47.png	0.001649	0.476573	0.645512	0.837647	0.525074	0.999519	14.181943	0.999902	19.505726	1.000000	0.806020	1.209478	15.082636	0.033491	1335	1	0	0	2	1.972973	0.000000	74	73	84.313708	2.760243	0.012605						2794.431686	0.000612	1	0	1	0	2	1.972973	0.000000	1	0	74	73	72	1.154982	2.760243	84.313708	0.012605	252183	188.901124	196.362547	512x512	262144	sparse	Learned	194	1																															True	0.535441	0.647604				irm_in_vitro_microtubules_47
irm_in_vitro_microtubules_48.png	0.014284	0.448498	0.619260	0.816556	0.498752	0.996009	14.851085	0.999019	19.432202	1.000000	0.551199	1.023715	14.982666	0.049866	7086	16	0	0	34	1.926773	0.000000	437	421	793.607214	2.548269	0.057426						3774.124861	0.005624	16	0	16	0	34	1.926773	0.000000	17	0	437	421	403	1.885053	2.548269	793.607214	0.057426	252495	35.632938	36.994637	512x512	262144	sparse	Learned	557	17																				21185	17.224579	0.578183	0.998032	16.351100	1.000000	0.006422					True	0.581551	0.595343				irm_in_vitro_microtubules_48
irm_in_vitro_microtubules_49.png	0.002210	0.566986	0.723664	0.674829	0.780118	0.999476	18.331501	0.999755	22.318277	1.000000	0.552912	1.178313	19.632572	0.106438	3432	8	0	1	15	1.934694	0.000000	245	237	345.450793	2.530823	0.023215						3426.965237	0.002356	8	0	8	1	15	1.934694	0.000000	8	1	245	237	229	1.457598	2.530823	345.450793	0.023215	227660	66.334499	76.382284	512x512	262144	sparse	Learned	365	8																															True	0.496749	0.585326				irm_in_vitro_microtubules_49
irm_in_vitro_microtubules_5.png	0.009261	0.580266	0.734390	0.710113	0.760386	0.998497	20.502860	0.999240	23.104590	1.000000	0.859574	0.565037	21.574704	0.192014	9436	13	11	20	32	1.994994	0.846154	799	797	1465.366666	2.535229	0.044658	-0.003224	-0.776015	-0.000289	0.000449	0.987918	4203.594685	0.010549	13	11	2	20	32	1.994994	0.846154	13	0	799	797	747	1.838603	2.535229	1465.366666	0.044658	215514	22.839551	27.781263	512x512	262144	sparse	Learned	919	13	11	8802	23.323846	0.363268	21.057215	0.998791	0.012082	1.000000	2	1046	0.000000	2	7706	23.505791	0.364116	0.998805	21.007419	1.000000	0.014810	15494	24.271098	0.508339	0.999147	22.488291	1.000000	0.010031	2.047376	-0.140426	-1.749142	-0.171254	True	0.892113	0.504076	0.012485	21.278875	0.998785	irm_in_vitro_microtubules_5
irm_in_vitro_microtubules_50.png	0.001426	0.491781	0.659320	0.944737	0.506347	0.999388	13.838065	0.999924	22.370786	1.000000	0.513248	2.162663	18.365683	0.069839	1344	2	0	0	4	1.934426	0.000000	61	59	74.970563	2.535861	0.023394						2741.002321	0.000210	2	0	2	0	4	1.934426	0.000000	2	0	61	59	57	1.270688	2.535861	74.970563	0.023394	236466	175.941964	195.047619	512x512	262144	sparse	Learned	181	2																															True	0.325196	0.703290				irm_in_vitro_microtubules_50
irm_in_vitro_microtubules_51.png	0.003119	0.593945	0.745252	0.714071	0.779279	0.998562	16.078073	0.999304	20.185799	1.000000	0.653544	0.720293	16.036134	0.053283	5117	9	2	4	20	1.962567	0.222222	374	367	558.462488	2.499165	0.038188	-0.001151	1.061161	0.000535	0.001743	0.997002	3828.603745	0.003042	9	2	7	4	20	1.962567	0.222222	10	0	374	367	350	1.521696	2.499165	558.462488	0.038188	247931	48.452414	51.230018	512x512	262144	sparse	Learned	494	10	2	5048	16.083065	0.147296	14.760798	0.997561	0.002998	0.397350	698	398	0.000000																5.425001	0.256194	-0.046931	-0.094014	True	0.670441	0.482914	0.004270	15.016912	0.998027	irm_in_vitro_microtubules_51
irm_in_vitro_microtubules_52.png	0.004997	0.483861	0.652165	0.721617	0.594908	0.997529	14.002321	0.999517	20.795949	1.000000	0.548870	1.428952	16.615732	0.055884	4365	10	0	0	20	1.930556	0.000000	288	278	424.450793	2.570815	0.035088						3463.217735	0.002704	10	0	10	0	20	1.930556	0.000000	10	0	288	278	268	1.526801	2.570815	424.450793	0.035088	245613	56.268729	60.055899	512x512	262144	sparse	Learned	408	10																															True	0.462056	0.660255				irm_in_vitro_microtubules_52
irm_in_vitro_microtubules_53.png	0.010777	0.681991	0.810933	0.771928	0.854090	0.997684	18.380598	0.998553	20.359842	1.000000	0.819134	0.566667	17.000636	0.088090	12162	18	4	10	37	1.968889	0.222222	900	886	1670.631601	2.576819	0.059567	-0.000003	2.015171	0.001451	0.002300	0.988131	3779.047966	0.014357	18	4	14	10	37	1.968889	0.222222	18	0	900	886	853	1.885589	2.576819	1670.631601	0.059567	243917	20.055665	21.554350	512x512	262144	sparse	Learned	1020	18	7	12050	17.912722	0.369721	16.328743	0.996253	0.011869	0.999997	99	4647	0.000000									2604	17.296190	0.139694	0.994208	14.559626	1.000000	0.009587	4.031099	-0.180863	-0.912086	-0.281631	True	0.803347	0.455231	0.010780	16.365426	0.996233	irm_in_vitro_microtubules_53
irm_in_vitro_microtubules_54.png	0.005345	0.509228	0.674819	0.857324	0.556379	0.997579	13.067037	0.999712	21.088018	1.000000	0.463250	2.333397	17.961051	0.069753	3570	9	0	0	18	1.912621	0.000000	206	197	314.492424	2.559931	0.032683						3397.785187	0.002247	9	0	9	0	18	1.912621	0.000000	9	0	206	197	188	1.596408	2.559931	314.492424	0.032683	238781	66.885434	73.429692	512x512	262144	sparse	Learned	326	9																															True	0.375692	0.876638				irm_in_vitro_microtubules_54
irm_in_vitro_microtubules_55.png	0.007278	0.426475	0.597942	0.836048	0.465397	0.995597	12.453103	0.999529	20.711501	1.000000	0.514328	2.054824	16.706909	0.057321	3969	9	2	4	17	1.945098	0.222222	255	248	359.906638	2.628332	0.034168						3337.034225	0.001664	9	2	7	4	17	1.945098	0.222222	9	0	255	248	234	1.451236	2.628332	359.906638	0.034168	242472	61.091459	66.047871	512x512	262144	sparse	Learned	375	9																															True	0.370817	0.761964				irm_in_vitro_microtubules_55
irm_in_vitro_microtubules_56.png	0.006899	0.550294	0.709922	0.836457	0.616641	0.998967	17.919204	0.999644	21.647651	1.000000	0.581048	1.116331	18.582262	0.086756	4393	10	0	1	21	1.938272	0.000000	324	314	470.977705	2.567402	0.034571	0.002564	0.717014	0.000255	0.000743	0.997278	3439.307928	0.003766	10	0	10	1	21	1.938272	0.000000	10	0	324	314	302	1.499929	2.567402	470.977705	0.034571	232812	52.996130	59.673116	512x512	262144	sparse	Learned	444	10	3	4323	18.555598	0.160287	16.796024	0.998901	0.002722	0.478008	390	118	0.000000																4.851627	0.103041	0.026664	-0.073530	True	0.582014	0.649721	0.004335	17.202190	0.998712	irm_in_vitro_microtubules_56
irm_in_vitro_microtubules_57.png	0.003828	0.521698	0.685679	0.784954	0.608696	0.999453	18.460526	0.999822	22.407716	1.000000	0.665795	1.322578	20.218921	0.117283	2808	5	4	7	11	1.990431	0.800000	209	208	293.610173	2.590731	0.018541						3312.191963	0.002177	5	4	1	7	11	1.990431	0.800000	5	0	209	208	191	1.411587	2.590731	293.610173	0.018541	224011	79.775997	93.356125	512x512	262144	sparse	Learned	329	5																															True	0.558589	0.738777				irm_in_vitro_microtubules_57
irm_in_vitro_microtubules_58.png	0.005108	0.288725	0.448078	0.907285	0.297503	0.997326	11.492725	0.999873	20.911962	1.000000	0.408445	2.989975	16.607843	0.050337	1826	4	0	0	8	1.898734	0.000000	79	75	113.426407	2.680359	0.036887						3144.544125	0.000617	4	0	4	0	8	1.898734	0.000000	4	0	79	75	71	1.512352	2.680359	113.426407	0.036887	243956	133.601314	143.561884	512x512	262144	sparse	Learned	199	4																															True	0.232611	0.695502				irm_in_vitro_microtubules_58
irm_in_vitro_microtubules_59.png	0.010096	0.423536	0.595047	0.715768	0.509171	0.995608	13.881108	0.999104	20.427080	1.000000	0.510952	1.283846	16.487598	0.065279	6074	17	4	8	35	1.935162	0.235294	401	388	683.541197	2.499636	0.055875	0.005463	-1.672828	-0.000521	0.001937	0.997489	3968.542337	0.003521	17	4	13	8	35	1.935162	0.235294	17	0	401	388	358	1.761704	2.499636	683.541197	0.055875	241799	39.808857	43.158380	512x512	262144	sparse	Learned	521	17	3	5746	16.991029	0.266670	15.396844	0.997167	0.002511	0.838528	292	419	0.000000																5.030236	-0.327576	-0.503432	-0.201392	True	0.493383	0.633428	0.004633	15.553936	0.996128	irm_in_vitro_microtubules_59
irm_in_vitro_microtubules_6.png	0.007563	0.651389	0.788898	0.747212	0.835511	0.997067	17.833268	0.998440	20.757996	1.000000	0.681776	0.612233	18.228182	0.109438	11017	24	14	23	50	1.975217	0.583333	807	797	1563.520995	2.501994	0.087868	0.001390	0.143211	0.000303	0.001629	0.993067	4290.516853	0.009486	24	14	10	23	50	1.975217	0.583333	24	1	807	797	734	1.961758	2.501994	1563.520995	0.087868	234561	21.290823	23.794499	512x512	262144	sparse	Learned	927	24	7	9692	19.550076	0.357839	17.684095	0.996812	0.006933	1.000000	17	3225	0.000000									13313	20.208550	0.463333	0.997554	18.836647	1.000000	0.008338	3.073902	-0.318224	-1.321894	-0.248400	True	0.617927	0.378315	0.006172	17.690057	0.996764	irm_in_vitro_microtubules_6
irm_in_vitro_microtubules_60.png	0.007084	0.594454	0.745652	0.901391	0.635801	0.997916	17.035551	0.999492	21.972151	1.000000	0.537565	1.095230	19.501896	0.106686	5446	16	4	7	32	1.943794	0.250000	427	415	655.362482	2.604956	0.034358	0.001600	-1.487863	-0.000453	0.000657	0.997004	3545.689106	0.003066	16	4	12	7	32	1.943794	0.250000	16	0	427	415	388	1.579187	2.604956	655.362482	0.034358	226597	41.607969	48.135145	512x512	262144	sparse	Learned	547	16	4	4583	20.223837	0.209391	18.440686	0.998835	0.002996	1.000000	5	1009	0.000000																3.531465	-0.462435	-0.721940	-0.102705	True	0.480991	0.526795	0.005483	18.523413	0.998369	irm_in_vitro_microtubules_60
irm_in_vitro_microtubules_61.png	0.006836	0.580716	0.734751	0.853824	0.644825	0.997807	16.612390	0.999305	21.061655	1.000000	0.523447	1.125221	18.128224	0.082156	5727	17	3	7	36	1.931034	0.176471	406	392	671.090404	2.624962	0.044686	0.001711	-0.595658	-0.000083	0.001102	0.997492	3716.160536	0.003386	17	3	14	7	36	1.931034	0.176471	17	0	406	392	363	1.711965	2.624962	671.090404	0.044686	234732	40.986904	45.773354	512x512	262144	sparse	Learned	526	17	4	5367	18.766700	0.234191	17.073078	0.998203	0.002508	1.000000	6	1671	0.000000																3.988577	-0.476553	-0.638476	-0.152035	True	0.468738	0.527434	0.005125	17.208047	0.997890	irm_in_vitro_microtubules_61
irm_in_vitro_microtubules_62.png	0.011354	0.712279	0.831966	0.809147	0.856109	0.998712	20.705142	0.999178	22.553188	1.000000	0.789864	0.626718	20.344187	0.147508	10516	17	12	23	43	1.988764	0.705882	890	885	1590.195481	2.500801	0.061735	0.000585	1.178618	0.000372	0.000864	0.988199	4127.296209	0.013454	17	12	5	23	43	1.988764	0.705882	18	0	890	885	824	1.796831	2.500801	1590.195481	0.061735	222575	21.165367	24.928110	512x512	262144	sparse	Learned	1010	18	9	9073	21.788759	0.352213	19.483240	0.998314	0.011801	1.000000	5	3351	0.000000	2	10352	22.336922	0.394782	0.998757	20.701065	1.000000	0.015570	14163	22.555362	0.466805	0.999033	21.851611	1.000000	0.014492	3.069947	-0.210136	-1.444572	-0.204705	True	0.768922	0.481897	0.010768	19.526524	0.998340	irm_in_vitro_microtubules_62
irm_in_vitro_microtubules_63.png	0.009406	0.475267	0.644313	0.809299	0.535205	0.995448	13.571282	0.999411	21.130311	1.000000	0.605446	1.275669	18.629439	0.089859	5469	12	0	0	24	1.939698	0.000000	398	386	628.014285	2.410647	0.049507	0.003126	-2.825872	-0.001456	0.001183	0.995579	3511.557579	0.003396	12	0	12	0	24	1.939698	0.000000	12	0	398	386	374	1.626980	2.410647	628.014285	0.049507	233981	42.783141	47.932712	512x512	262144	sparse	Learned	518	12	4	4528	19.125724	0.161432	16.369707	0.998228	0.004421	1.000000	3	364	0.000000																4.760604	-0.394554	-0.496285	-0.071574	True	0.388532	0.495638	0.006279	16.397155	0.996904	irm_in_vitro_microtubules_63
irm_in_vitro_microtubules_64.png	0.009579	0.565688	0.722606	0.843280	0.632146	0.996074	15.132036	0.999062	21.152886	1.000000	0.608068	0.797793	18.230213	0.091714	7524	18	14	21	35	1.985348	0.777778	546	542	962.477272	2.368707	0.069995	0.003349	-1.940498	-0.000773	0.001518	0.996423	3907.326937	0.004396	18	14	4	21	35	1.985348	0.777778	18	2	546	542	490	1.775788	2.368707	962.477272	0.069995	235961	31.361111	34.841042	512x512	262144	sparse	Learned	666	18	5	6022	18.906194	0.230863	17.053567	0.997544	0.003577	1.000000	9	1690	0.000000									19666	20.558280	0.569382	0.998736	19.763794	1.000000	0.004244	4.099319	-0.391932	-0.675981	-0.139150	True	0.480882	0.383645	0.006230	17.072534	0.996846	irm_in_vitro_microtubules_64
irm_in_vitro_microtubules_65.png	0.010728	0.492741	0.660183	0.867036	0.533018	0.995834	14.172043	0.999214	20.420563	1.000000	0.539296	1.412967	17.929520	0.081151	5967	16	1	3	33	1.924623	0.062500	398	383	686.600072	2.382434	0.066930	0.004447	-2.559340	-0.001206	0.001164	0.997077	3606.116056	0.003389	16	1	15	3	33	1.924623	0.062500	16	0	398	383	362	1.792689	2.382434	686.600072	0.066930	238405	39.953913	43.932294	512x512	262144	sparse	Learned	518	16	5	5958	18.571019	0.216108	16.527871	0.998049	0.002923	1.000000	7	1701	0.000000																3.892692	-0.460704	-0.641499	-0.134956	True	0.381868	0.539566	0.006282	16.731384	0.997040	irm_in_vitro_microtubules_65
irm_in_vitro_microtubules_7.png	0.008798	0.356879	0.526030	0.807445	0.390078	0.995742	11.771643	0.999646	19.954971	1.000000	0.454835	2.396908	15.459984	0.042077	3662	9	2	4	17	1.926316	0.222222	190	183	307.563492	2.498708	0.041956						3613.835812	0.002416	9	2	7	4	17	1.926316	0.222222	9	0	190	183	169	1.680675	2.498708	307.563492	0.041956	251368	68.642272	71.584926	512x512	262144	sparse	Learned	310	9																															True	0.343406	0.823113				irm_in_vitro_microtubules_7
irm_in_vitro_microtubules_8.png	0.009468	0.640788	0.781074	0.816934	0.748229	0.997003	16.286277	0.998838	20.007272	1.000000	0.635376	1.199716	16.552829	0.071970	8780	18	9	18	40	1.967509	0.500000	554	545	1065.756493	2.541988	0.074650	0.002245	1.073438	0.001129	0.002435	0.994210	4485.683680	0.008225	18	9	9	18	40	1.967509	0.500000	18	0	554	545	496	1.955517	2.541988	1065.756493	0.074650	246616	28.088383	29.856948	512x512	262144	sparse	Learned	674	18	5	8147	17.018017	0.267687	15.202687	0.996404	0.005790	1.000000	75	3635	0.000000									16954	18.130714	0.481923	0.997577	16.899885	1.000000	0.006414	4.804585	-0.364623	-0.465188	-0.195717	True	0.561327	0.673432	0.007223	15.212839	0.995874	irm_in_vitro_microtubules_8
irm_in_vitro_microtubules_9.png	0.015138	0.610804	0.758384	0.815106	0.709042	0.995279	16.135647	0.998204	19.734432	1.000000	0.829880	0.425953	15.499875	0.073399	12485	15	7	13	31	1.981308	0.466667	856	848	1658.101578	2.642889	0.059334	0.000377	1.135479	0.001527	0.003895	0.990198	4358.303547	0.012811	15	7	8	13	31	1.981308	0.466667	16	1	856	848	812	1.955308	2.642889	1658.101578	0.059334	250460	20.060873	20.996716	512x512	262144	sparse	Learned	976	16	5	10235	16.243232	0.315947	14.846534	0.994309	0.009802	0.999977	111	4936	0.000000									2345	15.751954	0.118951	0.991786	13.297049	1.000000	0.005016	4.887898	-0.170098	-0.743357	-0.242548	True	0.879487	0.374621	0.014761	15.000167	0.993752	irm_in_vitro_microtubules_9
