filename	gt_iou	seg_iou	seg_f1	seg_precision	seg_recall	gt_fg_ssim	gt_fg_psnr	ng_fg_ssim	ng_fg_psnr	ng_iou	ng_topo_q	topo_preservation	ng_psnr	ng_ssim	ng_bytes	graph_n_components	graph_n_cycles	graph_n_junctions	graph_n_endpoints	graph_mean_degree	graph_complexity	n_nodes	n_edges	total_edge_length	mean_width_px	mean_curvature	delta_gt_iou	delta_gt_fg_psnr	delta_gt_fg_ssim	delta_fg_ssim	delta_iou	total_time_ms	self_iou	ng_recon_iou	ng_n_components	ng_n_cycles	ng_euler_characteristic	ng_n_junctions	ng_n_endpoints	ng_mean_degree	ng_graph_complexity	ng_seg_beta_0	ng_seg_beta_1	graph_n_nodes	graph_n_edges	graph_n_sampled	graph_mean_edge_length	graph_mean_width	graph_total_edge_length	graph_mean_curvature	png_bytes	ng_vs_png	ng_vs_raw	image_shape	image_pixels	image_type	segmenter	n_points	n_structures	jpeg_quality	jpeg_bytes	jpeg_psnr	jpeg_ssim	jpeg_fg_psnr	jpeg_fg_ssim	jpeg_iou	jpeg_topo_q	jpeg_beta_0	jpeg_beta_1	jpeg_betti_preservation	webp_quality	webp_bytes	webp_psnr	webp_ssim	webp_fg_ssim	webp_fg_psnr	webp_topo_q	webp_iou	jp2_bytes	jp2_psnr	jp2_ssim	jp2_fg_ssim	jp2_fg_psnr	jp2_topo_q	jp2_iou	delta_fg_psnr	delta_topo_q	delta_psnr	delta_ssim	gt_available	pre_gt_iou	pre_ng_psnr	pre_ng_ssim	pre_ng_fg_psnr	gt_topology_q	recon_topology_q	jpeg_gt_iou	jpeg_gt_fg_psnr	jpeg_gt_fg_ssim	stem
CBMI_002t1_h128_w128.png	0.685171	0.678984	0.808804	0.801807	0.815923	0.991983	23.418524	0.996524	26.275930	0.697468	0.785619	1.177119	27.933622	0.566466	5842	9	3	16	28	1.925466	0.333333	161	155	797.595021	3.408307	0.000000	-0.000121	-3.647700	-0.003850	-0.000626	0.048930	6324.581623	0.697468	0.697468	9	3	6	16	28	1.925466	0.333333	9	3	161	155	117	5.145774	3.408307	797.595021	0.000000	47253	8.088497	11.218076	256x256	65536	dense	Learned	729	9	48	5803	30.476052	0.707427	27.112374	0.997150	0.648538	0.536987	24	19	0.000000	43	5762	31.111864	0.775122	0.997814	28.338838	0.482656	0.638422	343	24.286853	0.502018	0.981742	18.080016	0.703290	0.481831	-0.836444	0.248632	-2.542430	-0.140961	True	0.685831	27.939625	0.566545	26.276241	0.594169	0.699408	0.685292	27.066224	0.995833	CBMI_002t1_h128_w128
CBMI_002t1_h128_w384.png	0.302476	0.493252	0.660641	0.543967	0.841031	0.990648	22.536381	0.990418	24.791594	0.473798	0.659477	1.452858	24.500955	0.456940	9480	22	3	23	62	1.863309	0.136364	278	259	1318.259018	3.467810	0.000000	-0.005520	-3.226961	-0.004330	-0.002220	0.009677	2485.166311	0.473798	0.473798	22	3	19	23	62	1.863309	0.136364	22	4	278	259	193	5.089803	3.467810	1318.259018	0.000000	51146	5.395148	6.913080	256x256	65536	dense	Learned	1116	22	52	9425	27.705056	0.721735	25.894707	0.992638	0.464121	0.475965	142	349	0.000000	34	9212	28.941762	0.829801	0.994125	26.904465	0.381105	0.464988	247	17.786941	0.259559	0.936192	12.860723	0.965091	0.268105	-1.103113	0.183512	-3.204100	-0.264795	True	0.302433	24.504500	0.457089	24.797293	0.602705	0.875645	0.307996	25.763342	0.994978	CBMI_002t1_h128_w384
CBMI_002t1_h128_w640.png	0.582084	0.468201	0.637789	0.549315	0.760234	0.988078	23.078758	0.987805	27.413888	0.539152	0.781015	0.912364	25.786510	0.551292	9044	16	3	29	55	1.907473	0.187500	281	268	1354.844805	3.555752	0.000000	0.034504	-5.758024	-0.007364	-0.004807	0.090332	2353.878975	0.539152	0.539152	16	3	13	29	55	1.907473	0.187500	16	3	281	268	197	5.055391	3.555752	1354.844805	0.000000	46438	5.134675	7.246351	256x256	65536	dense	Learned	1104	16	67	8859	31.321403	0.781328	29.560103	0.992612	0.448820	0.498276	68	118	0.000000	60	9010	32.773899	0.866770	0.995887	31.372371	0.360534	0.443031	239	17.885190	0.401838	0.965916	15.365940	1.000000	0.177847	-2.146215	0.282738	-5.534893	-0.230036	True	0.581426	25.784797	0.551228	27.418091	0.643816	0.587394	0.547580	28.836782	0.995442	CBMI_002t1_h128_w640
CBMI_002t1_h384_w128.png	0.725629	0.673226	0.804704	0.889161	0.734900	0.984817	22.615719	0.995292	26.261767	0.720433	0.772362	0.855337	26.943513	0.586341	7283	11	2	10	28	1.900552	0.181818	181	172	949.560533	3.490064	0.000000	-0.033273	-4.994379	-0.008169	-0.001154	0.079765	2350.314856	0.720433	0.720433	11	2	9	10	28	1.900552	0.181818	11	2	181	172	143	5.520701	3.490064	949.560533	0.000000	47552	6.529178	8.998490	256x256	65536	dense	Learned	936	11	56	7174	30.560990	0.746887	27.589368	0.996446	0.640668	0.548940	26	15	0.000000	47	7212	31.506508	0.822508	0.997377	28.926405	0.480897	0.633392	275	20.093749	0.422993	0.954006	14.157280	0.798103	0.321298	-1.327601	0.223423	-3.617476	-0.160546	True	0.725365	26.940954	0.586254	26.263816	0.708503	0.606010	0.758901	27.610098	0.992986	CBMI_002t1_h384_w128
CBMI_002t1_h384_w384.png	0.746974	0.683896	0.812278	0.859908	0.769648	0.991830	20.199812	0.997470	24.235055	0.740091	0.502511	0.990043	25.870878	0.443554	4115	10	1	4	22	1.810526	0.100000	95	86	455.185858	3.485870	0.000000	0.004993	-3.892054	-0.003768	0.000102	0.122950	1470.348597	0.740091	0.740091	10	1	9	4	22	1.810526	0.100000	11	1	95	86	69	5.292859	3.485870	455.185858	0.000000	49414	12.008262	15.926124	256x256	65536	sparse	Learned	390	11	27	4051	27.973852	0.590023	24.163252	0.997368	0.617142	0.507653	14	5	0.000000	19	4076	28.246507	0.658530	0.997450	24.292137	0.664902	0.612809	475	25.901318	0.442373	0.993379	19.876233	0.538143	0.554069	0.071804	-0.005142	-2.102974	-0.146469	True	0.748001	25.871152	0.443560	24.235248	0.456649	0.452102	0.741981	24.091866	0.995598	CBMI_002t1_h384_w384
CBMI_003t01_h128_w128.png	0.079388	0.432397	0.603739	0.481626	0.808809	0.994539	21.661089	0.988769	26.741330	0.133319	0.656305	2.259378	25.230691	0.540189	7242	15	8	19	34	1.924731	0.533333	186	179	892.825469	3.769925	0.000000	0.000268	-5.974007	-0.003494	-0.002785	0.000449	2619.077206	0.133319	0.133319	15	8	7	19	34	1.924731	0.533333	15	8	186	179	133	4.987852	3.769925	892.825469	0.000000	38623	5.333195	9.049434	256x256	65536	dense	Learned	889	15	60	7125	30.963986	0.779725	28.456060	0.991554	0.132870	0.667129	1	0	0.033333	55	7060	32.563411	0.867178	0.995540	30.740420	0.667129	0.132870	274	22.136695	0.405920	0.970405	16.339546	0.978506	0.132441	-1.714730	-0.010824	-5.733295	-0.239536	True	0.079388	25.230126	0.540098	26.744304	0.442496	0.999766	0.079121	27.635096	0.998033	CBMI_003t01_h128_w128
CBMI_004t01_h128_w128.png	0.157855	0.489613	0.657369	0.621280	0.697910	0.976407	21.716236	0.986787	27.546575	0.177325	0.704770	2.220036	25.718654	0.607869	8379	17	11	23	37	1.949791	0.647059	239	233	1163.205194	3.816354	0.000000	0.000572	-7.465729	-0.015708	-0.005229	0.000643	3151.977539	0.177325	0.177325	17	11	6	23	37	1.949791	0.647059	17	11	239	233	179	4.992297	3.816354	1163.205194	0.000000	38521	4.597327	7.821458	256x256	65536	dense	Learned	1053	17	70	8315	32.295624	0.812119	29.956356	0.992015	0.176683	0.639405	1	0	0.029412	69	8228	34.108069	0.902566	0.995501	32.257962	0.639405	0.176683	248	19.472838	0.462473	0.953899	15.891193	0.869971	0.161195	-2.409781	0.065365	-6.576971	-0.204250	True	0.157861	25.722786	0.607816	27.557924	0.448744	0.996227	0.157283	29.181965	0.992115	CBMI_004t01_h128_w128
CBMI_004t01_h128_w384.png	0.164696	0.205903	0.341492	0.206692	0.981789	0.990347	26.654373	0.868696	29.487489	0.782236	1.000000	1.595076	26.126586	0.680214	17708	2	23	86	45	2.077634	11.500000	541	562	3029.029796	9.995016	0.000000	0.001760	-8.197332	-0.008229	-0.094982	0.008292	5527.547359	0.782236	0.782236	2	23	-21	86	45	2.077634	11.500000	2	23	541	562	410	5.389733	9.995016	3029.029796	0.000000	38468	2.172351	3.700926	256x256	65536	dense	Meijering	2033	2	88	16961	36.253671	0.935511	35.339874	0.963678	0.773945	0.639405	1	0	0.250000	90	17384	42.245744	0.985688	0.992205	41.297143	0.639405	0.773945	248	20.205036	0.456290	0.687896	19.362030	0.963117	0.758278	-5.852385	0.360595	-10.127085	-0.255297	True	0.164689	26.126926	0.680254	29.496641	0.626890	0.999937	0.162936	34.851706	0.998576	CBMI_004t01_h128_w384
CBMI_Captured_CSU488_1_h128_w640.png	0.311751	0.342640	0.510397	0.772408	0.381117	0.924575	14.067452	0.996755	23.845918	0.610098	0.382247	0.993885	21.863300	0.411082	4060	12	0	6	30	1.696203	0.000000	79	67	314.693434	4.744876	0.000000	-0.298844	-9.461903	-0.066679	0.000229	0.191557	2395.936012	0.610098	0.610098	12	0	12	6	30	1.696203	0.000000	12	0	79	67	43	4.696917	4.744876	314.693434	0.000000	49514	12.195567	16.141872	256x256	65536	sparse	Otsu	334	12	23	3997	27.818846	0.626638	23.361947	0.996526	0.418541	0.240850	81	15	0.000000	16	3856	27.938357	0.671246	0.996505	23.574373	0.218341	0.421817	531	22.507439	0.436212	0.979644	15.882562	0.381868	0.440080	0.483971	0.141397	-5.955547	-0.215556	True	0.311482	21.864434	0.411133	23.848390	0.370985	0.368716	0.610596	23.529355	0.991254	CBMI_Captured_CSU488_1_h128_w640
CBMI_Captured_CSU488_1_h128_w896.png	0.300969	0.326020	0.491727	0.757005	0.364126	0.959772	14.271871	0.998183	23.302007	0.664538	0.458457	0.818903	23.871991	0.429073	2558	6	0	6	18	1.744681	0.000000	47	41	197.053824	4.561693	0.000000	-0.204065	-8.877513	-0.034209	0.000179	0.168530	1731.575489	0.664538	0.664538	6	0	6	6	18	1.744681	0.000000	6	0	47	41	23	4.806191	4.561693	197.053824	0.000000	48141	18.819781	25.620016	256x256	65536	sparse	Otsu	246	6	19	2555	28.346623	0.555335	22.567471	0.998005	0.496008	0.205466	48	9	0.000000	16	2360	28.560608	0.589144	0.998311	23.447533	0.254335	0.491364	3598	29.344855	0.588225	0.999515	29.118361	0.177165	0.481507	0.734535	0.252991	-4.474632	-0.126262	True	0.301040	23.874175	0.429120	23.300951	0.509525	0.417252	0.505034	23.149384	0.993981	CBMI_Captured_CSU488_1_h128_w896
CBMI_Captured_CSU488_1_h384_w384.png	0.584737	0.689020	0.815882	0.959180	0.709835	0.983772	21.830090	0.994112	23.256876	0.674191	0.528420	0.678602	26.036089	0.465049	7193	24	7	26	61	1.859504	0.291667	242	225	1037.259018	2.688253	0.000000	0.002609	-2.398577	-0.007668	-0.000865	-0.014161	1578.118086	0.674191	0.674191	24	7	17	26	61	1.859504	0.291667	24	6	242	225	155	4.610040	2.688253	1037.259018	0.000000	49524	6.885027	9.111080	256x256	65536	sparse	Learned	644	24	42	7068	28.039573	0.667520	23.944830	0.994977	0.688352	0.357641	46	39	0.000000	29	6852	28.989678	0.760475	0.995995	25.449587	0.325871	0.668385	270	19.132007	0.301477	0.913983	10.439978	0.764960	0.286280	-0.687955	0.170779	-2.003485	-0.202470	True	0.584469	26.040336	0.465068	23.257228	0.574007	0.389522	0.582128	24.228667	0.991440	CBMI_Captured_CSU488_1_h384_w384
CBMI_Captured_CSU488_1_h384_w640.png	0.491943	0.658880	0.794367	0.956219	0.679375	0.973826	22.156707	0.991313	23.928771	0.656906	0.566178	0.659773	26.140843	0.626497	11610	41	10	23	86	1.854118	0.243902	425	394	1951.724097	2.290500	0.000000	-0.048861	-4.925338	-0.017760	-0.003726	0.013884	1303.518295	0.656906	0.656906	41	10	31	23	86	1.854118	0.243902	41	11	425	394	316	4.953614	2.290500	1951.724097	0.000000	50055	4.311370	5.644789	256x256	65536	sparse	Learned	1111	41	66	11491	30.050210	0.801834	26.965935	0.995039	0.643022	0.343465	77	60	0.000000	58	11566	32.418502	0.887957	0.997739	30.637290	0.350141	0.639812	246	16.418516	0.275806	0.818349	9.437475	0.716346	0.173164	-3.037165	0.222713	-3.909367	-0.175337	True	0.491702	26.145807	0.626571	23.930349	0.603364	0.398083	0.540803	27.082045	0.991586	CBMI_Captured_CSU488_1_h384_w640
CBMI_Captured_CSU488_1_h640_w384.png	0.272590	0.315449	0.479606	0.901551	0.326703	0.956951	12.999491	0.997828	22.335376	0.735381	0.222064	0.609515	22.201194	0.318642	2294	9	1	4	21	1.578947	0.111111	38	30	116.012193	4.766603	0.000000	-0.363813	-8.326409	-0.033661	0.000655	0.339115	1166.048527	0.735381	0.735381	9	1	8	4	21	1.578947	0.111111	9	0	38	30	13	3.867073	4.766603	116.012193	0.000000	49188	21.442023	28.568439	256x256	65536	sparse	Otsu	175	9	13	2197	25.946945	0.436234	20.973317	0.997173	0.396266	0.290007	32	4	0.000000	6	2102	26.135592	0.488741	0.996899	20.892986	0.264104	0.405000	3942	27.043126	0.541790	0.998979	25.865835	0.191759	0.396879	1.362059	-0.067943	-3.745751	-0.117592	True	0.272590	22.203594	0.318672	22.336382	0.478261	0.291507	0.636402	21.325900	0.990613	CBMI_Captured_CSU488_1_h640_w384
CBMI_Captured_CSU488_1_h640_w640.png	0.313202	0.353245	0.522071	0.816461	0.383715	0.884785	13.321116	0.994575	23.008992	0.649095	0.239161	0.673364	19.922740	0.380673	5299	27	0	6	60	1.526316	0.000000	114	87	385.492424	4.667432	0.000000	-0.373355	-9.804498	-0.102995	0.000047	0.230479	2080.092430	0.649095	0.649095	27	0	27	6	60	1.526316	0.000000	27	0	114	87	48	4.430947	4.667432	385.492424	0.000000	50772	9.581430	12.367617	256x256	65536	sparse	Otsu	338	27	25	5206	26.939167	0.670984	22.818168	0.994528	0.418616	0.255787	105	20	0.000000	19	5296	27.599883	0.722237	0.995747	24.242317	0.254857	0.411360	409	19.070913	0.337257	0.951565	13.506695	0.414726	0.352910	0.190825	-0.016627	-7.016426	-0.290311	True	0.313490	19.922308	0.380638	23.012039	0.483294	0.325433	0.686557	23.125614	0.987780	CBMI_Captured_CSU488_1_h640_w640
CBMI_Captured_CSU488_1_h640_w896.png	0.395002	0.386329	0.557341	0.752857	0.442441	0.940448	12.367786	0.996799	22.574421	0.700478	0.291274	0.769381	21.209031	0.345065	3848	14	0	3	31	1.600000	0.000000	70	56	261.379726	4.417620	0.000000	-0.401101	-9.149259	-0.053453	0.000664	0.278770	1928.037405	0.700478	0.700478	14	0	14	3	31	1.600000	0.000000	14	0	70	56	36	4.667495	4.417620	261.379726	0.000000	49954	12.981809	17.031185	256x256	65536	sparse	Otsu	311	14	19	3667	26.248481	0.554338	21.829920	0.996135	0.421708	0.303791	57	16	0.000000	10	3830	26.438933	0.624543	0.995997	21.737139	0.290229	0.425174	528	22.281925	0.381288	0.983017	15.661784	0.547666	0.382937	0.744502	-0.012517	-5.039450	-0.209273	True	0.394369	21.209318	0.345073	22.575005	0.457288	0.351829	0.796103	21.517045	0.993901	CBMI_Captured_CSU488_1_h640_w896
CBMI_Captured_CSU488_1_h896_w640.png	0.423471	0.414557	0.586130	0.751876	0.480259	0.960459	12.798569	0.997840	22.440523	0.683522	0.341638	0.775562	22.755715	0.356725	2983	10	1	3	22	1.704918	0.100000	61	52	224.681241	4.756777	0.000000	-0.329255	-8.699832	-0.035423	0.000318	0.212739	1889.301300	0.683522	0.683522	10	1	9	3	22	1.704918	0.100000	10	0	61	52	36	4.320793	4.756777	224.681241	0.000000	44669	14.974522	21.969829	256x256	65536	sparse	Otsu	267	10	18	2955	26.813944	0.516952	21.665122	0.997522	0.470784	0.294254	40	9	0.000000	10	2648	26.961978	0.550879	0.997559	21.721595	0.267301	0.481302	3076	27.442433	0.508629	0.998972	25.719189	0.199405	0.468229	0.775401	0.047384	-4.058229	-0.160228	True	0.423748	22.756317	0.356754	22.443408	0.503415	0.390429	0.752725	21.498401	0.995882	CBMI_Captured_CSU488_1_h896_w640
CBMI_Captured_CSU488_1_h896_w896.png	0.487655	0.486172	0.654261	0.750937	0.579637	0.949471	13.485882	0.995628	22.619946	0.741872	0.358535	1.169172	21.631296	0.345012	4504	15	0	6	36	1.666667	0.000000	90	75	363.149278	4.796397	0.000000	-0.253859	-8.132619	-0.044454	0.000820	0.227267	2393.411636	0.741872	0.741872	15	0	15	6	36	1.666667	0.000000	15	0	90	75	48	4.841990	4.796397	363.149278	0.000000	49662	11.026199	14.550622	256x256	65536	sparse	Otsu	343	15	21	4339	26.022212	0.577668	21.803435	0.994808	0.514605	0.345255	57	30	0.000000	11	4210	26.238724	0.620641	0.994851	22.069370	0.304771	0.520237	445	21.005685	0.327224	0.968616	14.531100	0.428351	0.454435	0.816512	0.013280	-4.390916	-0.232657	True	0.488020	21.631709	0.345061	22.620750	0.443343	0.518345	0.741514	21.618500	0.993925	CBMI_Captured_CSU488_1_h896_w896
CBMI_Captured_CSU488_2_h384_w384.png	0.306325	0.451025	0.621664	0.661735	0.586168	0.929042	20.498715	0.992968	28.498884	0.475118	0.347777	0.669092	27.651235	0.750056	4785	19	0	6	44	1.657658	0.000000	111	92	437.948268	5.814454	0.000000	-0.177347	-10.044297	-0.066260	-0.002635	-0.005954	2831.331253	0.475118	0.475118	19	0	19	6	44	1.657658	0.000000	19	0	111	92	61	4.760307	5.814454	437.948268	0.000000	41219	8.614211	13.696134	256x256	65536	sparse	Otsu	376	19	62	4749	35.929510	0.902322	30.356623	0.995603	0.481072	0.253096	66	11	0.000000	79	4738	37.641939	0.912569	0.997885	34.230655	0.218384	0.487272	405	25.756874	0.647693	0.949269	19.069736	0.207054	0.387401	-1.857739	0.094681	-8.278275	-0.152266	True	0.306153	27.656509	0.749823	28.506889	0.445056	0.297783	0.483672	30.543012	0.995303	CBMI_Captured_CSU488_2_h384_w384
CBMI_Captured_CSU488_3_h896_w640.png	0.693007	0.753073	0.859146	0.915512	0.809318	0.993528	22.405538	0.998035	25.659651	0.742483	0.368211	0.949466	29.517662	0.812345	5272	25	1	7	55	1.684211	0.040000	152	128	653.139177	2.593690	0.000000	-0.062738	-5.600206	-0.005051	-0.000797	-0.002606	1208.775282	0.742483	0.742483	25	1	24	7	55	1.684211	0.040000	25	1	152	128	90	5.102650	2.593690	653.139177	0.000000	42769	8.112481	12.430956	256x256	65536	sparse	Learned	482	25	64	5230	35.076923	0.860956	27.949661	0.998832	0.745088	0.257873	34	5	0.000000	78	5102	36.812329	0.880909	0.999569	33.356525	0.236219	0.740806	405	23.441739	0.670230	0.969909	13.973233	0.384023	0.497682	-2.290010	0.110338	-5.559261	-0.048611	True	0.698420	29.517510	0.812538	25.661357	0.318414	0.302324	0.755745	28.005744	0.998579	CBMI_Captured_CSU488_3_h896_w640
CBMI_Captured_CSU488_4_h128_w640.png	0.619894	0.648340	0.786658	0.695474	0.905359	0.992103	20.272698	0.990350	21.780409	0.584789	0.774627	0.742357	22.799401	0.310485	8608	16	15	51	58	1.993355	0.937500	301	300	1345.058008	2.811906	0.000000	-0.029033	-1.324827	-0.002236	-0.000615	-0.028584	1826.622009	0.584789	0.584789	16	15	1	51	58	1.993355	0.937500	16	14	301	300	192	4.483527	2.811906	1345.058008	0.000000	49045	5.697607	7.613383	256x256	65536	sparse	Learned	808	16	35	8540	24.730038	0.637414	21.913510	0.990965	0.613373	0.236887	143	128	0.000000	18	8592	26.138716	0.748949	0.994434	24.541287	0.135430	0.577306	244	19.034829	0.162508	0.932981	12.476230	0.994700	0.384099	-0.133101	0.537740	-1.930637	-0.326929	True	0.619593	22.801010	0.310501	21.781475	0.749897	0.556691	0.648928	21.597525	0.994339	CBMI_Captured_CSU488_4_h128_w640
CBMI_Captured_CSU488_4_h384_w384.png	0.237042	0.272784	0.428642	0.694762	0.309928	0.914258	14.172318	0.995698	23.005869	0.583616	0.277874	0.554691	21.025318	0.334496	4299	18	0	7	43	1.576471	0.000000	85	67	308.965512	4.845619	0.000000	-0.369397	-8.261601	-0.073291	0.000458	0.214691	2256.687164	0.583616	0.583616	18	0	18	7	43	1.576471	0.000000	18	0	85	67	35	4.611426	4.845619	308.965512	0.000000	47056	10.945801	15.244475	256x256	65536	sparse	Otsu	317	18	20	4274	26.221754	0.609247	22.447058	0.995240	0.368925	0.206267	129	19	0.000000	11	4224	26.408543	0.654246	0.995371	22.748407	0.199240	0.370850	461	20.816918	0.332701	0.969029	14.415001	0.459518	0.329540	0.558811	0.071607	-5.196436	-0.274751	True	0.237185	21.026051	0.334510	23.008048	0.520335	0.288625	0.606439	22.433919	0.987549	CBMI_Captured_CSU488_4_h384_w384
CBMI_Captured_CSU488_4_h384_w640.png	0.532250	0.496155	0.663240	0.524106	0.902944	0.988626	22.162340	0.988282	24.644357	0.541565	0.495105	0.919772	25.847880	0.566467	10730	47	8	53	136	1.820276	0.170213	434	395	1798.101731	2.591101	0.000000	-0.040153	-4.446843	-0.007914	-0.004427	-0.002750	1793.459177	0.541565	0.541565	47	8	39	53	136	1.820276	0.170213	47	7	434	395	245	4.552156	2.591101	1798.101731	0.000000	49596	4.622181	6.107735	256x256	65536	sparse	Learned	942	47	63	10627	29.648498	0.775185	26.955556	0.992709	0.544315	0.228835	136	75	0.000000	50	10692	31.540668	0.868485	0.995641	29.659235	0.193227	0.538035	247	18.652706	0.298487	0.851186	11.827878	0.942731	0.253325	-2.311198	0.266270	-3.800618	-0.208718	True	0.532560	25.849267	0.566457	24.645476	0.302140	0.277900	0.572402	26.609182	0.996540	CBMI_Captured_CSU488_4_h384_w640
CBMI_Captured_CSU488_4_h640_w384.png	0.352348	0.331427	0.497852	0.571517	0.441009	0.948461	14.132911	0.996372	22.851583	0.616571	0.296318	0.871757	22.600769	0.340865	3705	14	0	6	34	1.575758	0.000000	66	52	261.823376	4.963819	0.000000	-0.240727	-7.820124	-0.045294	0.000571	0.171535	1934.579849	0.616571	0.616571	14	0	14	6	34	1.575758	0.000000	14	0	66	52	26	5.035065	4.963819	261.823376	0.000000	49903	13.469096	17.688529	256x256	65536	sparse	Otsu	266	14	19	3621	26.346473	0.549222	22.144568	0.995800	0.445036	0.250696	72	14	0.000000	10	3670	26.489411	0.603991	0.995548	21.941135	0.243656	0.457063	535	22.724735	0.358064	0.981291	15.548900	0.408540	0.452839	0.707015	0.045621	-3.745704	-0.208358	True	0.351693	22.601223	0.340869	22.853608	0.335072	0.292101	0.593075	21.953034	0.993755	CBMI_Captured_CSU488_4_h640_w384
CBMI_Captured_CSU488_4_h640_w640.png	0.293056	0.293966	0.454365	0.621390	0.358108	0.906921	12.603407	0.995880	23.134315	0.626486	0.295312	0.949741	20.717647	0.346436	4077	16	0	8	40	1.589744	0.000000	78	62	301.693434	4.634089	0.000000	-0.351452	-9.711650	-0.085166	0.000414	0.255444	2005.477428	0.626486	0.626486	16	0	16	8	40	1.589744	0.000000	16	0	78	62	30	4.866023	4.634089	301.693434	0.000000	50353	12.350503	16.074565	256x256	65536	sparse	Otsu	288	16	19	3979	26.581709	0.607899	22.538136	0.995466	0.371042	0.251659	97	19	0.000000	12	3954	26.809858	0.652206	0.995722	22.979770	0.230776	0.371571	515	21.257335	0.379576	0.974038	15.062907	0.337476	0.349180	0.596179	0.043653	-5.864062	-0.261464	True	0.292948	20.717583	0.346497	23.138820	0.345303	0.327948	0.644508	22.315057	0.992086	CBMI_Captured_CSU488_4_h640_w640
CBMI_Captured_CSU488_4_h896_w128.png	0.644460	0.707882	0.828959	0.747696	0.930040	0.996629	19.731969	0.996031	20.186623	0.705220	0.526056	0.986245	19.804001	0.158918	4840	12	3	9	27	1.843478	0.250000	115	106	521.842712	2.923834	0.000000	0.088148	2.445023	0.002208	0.003821	0.069295	1591.735840	0.705220	0.705220	12	3	9	9	27	1.843478	0.250000	12	3	115	106	79	4.923044	2.923834	521.842712	0.000000	48052	9.928099	13.540496	256x256	65536	sparse	Learned	459	12	13	4635	20.355677	0.442598	17.404952	0.992209	0.635926	0.058755	471	27	0.000000	2	4586	21.084395	0.553930	0.996079	20.292506	0.049307	0.393912	401	18.992088	0.117793	0.982714	14.230615	0.415793	0.618483	2.781671	0.467301	-0.551676	-0.283679	True	0.645019	19.803926	0.158916	20.187229	0.538967	0.531553	0.556311	17.286946	0.994421	CBMI_Captured_CSU488_4_h896_w128
CBMI_Captured_CSU488_4_h896_w384.png	0.468430	0.462643	0.632613	0.482012	0.920085	0.994646	20.638627	0.989770	21.529985	0.574946	0.550671	0.898492	21.974000	0.263597	7809	24	5	25	65	1.852713	0.208333	258	239	1097.401154	2.829752	0.000000	0.012215	0.110075	-0.000001	0.001384	-0.005119	1887.023449	0.574946	0.574946	24	5	19	25	65	1.852713	0.208333	24	6	258	239	168	4.591637	2.829752	1097.401154	0.000000	48759	6.243949	8.392368	256x256	65536	sparse	Learned	686	24	28	7622	23.438593	0.592584	20.965320	0.988387	0.580065	0.106597	368	92	0.000000	12	7604	24.703092	0.718348	0.994005	24.046560	0.059550	0.471180	278	19.759241	0.145084	0.946460	14.163500	0.819736	0.297301	0.564665	0.444074	-1.464593	-0.328988	True	0.468604	21.974792	0.263623	21.531381	0.366386	0.329195	0.456215	20.528552	0.994647	CBMI_Captured_CSU488_4_h896_w384
CBMI_Captured_CSU488_5_h384_w384.png	0.304533	0.295638	0.456359	0.552536	0.388700	0.952226	12.709651	0.998866	24.699024	0.607831	0.242703	0.648106	24.872491	0.601714	2367	10	0	2	22	1.523810	0.000000	42	32	148.053824	4.183800	0.000000	-0.289703	-11.779605	-0.045535	0.000012	0.185924	1393.708944	0.607831	0.607831	10	0	10	2	22	1.523810	0.000000	10	0	42	32	18	4.626682	4.183800	148.053824	0.000000	45178	19.086608	27.687368	256x256	65536	sparse	Otsu	205	10	23	2346	31.506922	0.710037	24.561993	0.998854	0.421907	0.190888	44	2	0.000000	37	2190	32.243217	0.728197	0.999256	27.124705	0.162842	0.413338	3904	33.014687	0.739253	0.999697	31.427269	0.160866	0.409765	0.137031	0.051815	-6.634431	-0.108323	True	0.304769	24.872037	0.601738	24.702380	0.285293	0.184900	0.594237	24.489256	0.997761	CBMI_Captured_CSU488_5_h384_w384
CBMI_Captured_CSU488_5_h384_w640.png	0.407131	0.362815	0.532449	0.597962	0.479874	0.975195	14.012919	0.999054	25.149195	0.669014	0.246103	0.759791	26.978202	0.673859	1931	8	0	1	17	1.515152	0.000000	33	25	119.911688	4.077956	0.000000	-0.218801	-10.535877	-0.023379	0.000032	0.186549	1094.954252	0.669014	0.669014	8	0	8	1	17	1.515152	0.000000	8	0	33	25	15	4.796468	4.077956	119.911688	0.000000	43842	22.704298	33.938892	256x256	65536	sparse	Meijering	195	8	20	1870	32.615884	0.735525	24.898622	0.999021	0.482465	0.176891	30	0	0.000000	45	1842	33.589182	0.755301	0.999464	28.408623	0.218446	0.481407	4801	34.754712	0.790437	0.999892	36.059079	0.167005	0.478659	0.250573	0.069212	-5.637682	-0.061666	True	0.407131	26.981815	0.673969	25.149766	0.263160	0.199947	0.625931	24.548796	0.998574	CBMI_Captured_CSU488_5_h384_w640
CBMI_Captured_CSU488_5_h640_w384.png	0.441565	0.412731	0.584303	0.622920	0.550194	0.953857	14.941513	0.997143	24.802930	0.677298	0.180450	0.678990	24.702723	0.605081	3514	20	1	2	42	1.432836	0.050000	67	48	205.095454	4.640715	0.000000	-0.157076	-10.129670	-0.043271	-0.000382	0.127456	1608.195305	0.677298	0.677298	20	1	19	2	42	1.432836	0.050000	20	0	67	48	23	4.272822	4.640715	205.095454	0.000000	46138	13.129767	18.649972	256x256	65536	sparse	Otsu	234	20	30	3424	31.209891	0.744420	25.025288	0.997526	0.549842	0.158280	65	1	0.000000	40	3456	32.077215	0.767514	0.998582	28.009400	0.179554	0.545048	603	25.354617	0.615379	0.985340	17.380881	0.239161	0.565190	-0.222358	0.022170	-6.507168	-0.139340	True	0.441675	24.701559	0.605067	24.805674	0.282146	0.191574	0.598641	25.071183	0.997128	CBMI_Captured_CSU488_5_h640_w384
CBMI_Captured_CSU488_5_h640_w640.png	0.396129	0.362054	0.531629	0.587405	0.485528	0.922534	13.458099	0.996303	24.851716	0.610364	0.189716	0.644116	23.081113	0.598417	4094	27	0	2	56	1.379310	0.000000	87	60	292.208153	4.016065	0.000000	-0.229595	-12.282246	-0.074346	-0.001146	0.146532	1550.821066	0.610364	0.610364	27	0	27	2	56	1.379310	0.000000	27	0	87	60	29	4.870136	4.016065	292.208153	0.000000	45877	11.205911	16.007816	256x256	65536	sparse	Meijering	281	27	34	4057	31.805874	0.793169	25.865907	0.997450	0.463832	0.239161	63	6	0.000000	46	3984	32.892628	0.805748	0.998598	29.256048	0.229324	0.461115	540	23.437669	0.561839	0.977247	16.183303	0.297657	0.470340	-1.014191	-0.049445	-8.724761	-0.194752	True	0.396129	23.081573	0.598523	24.856122	0.313692	0.202054	0.625724	25.740345	0.996881	CBMI_Captured_CSU488_5_h640_w640
CBMI_Captured_CSU488_5_h640_w896.png	0.410643	0.431950	0.603303	0.885262	0.457566	0.978281	12.095429	0.998840	22.183741	0.842885	0.200152	0.487876	24.322090	0.402998	1816	6	0	1	13	1.400000	0.000000	20	14	70.526912	4.465896	0.000000	-0.295155	-9.430740	-0.018687	0.000460	0.301022	1122.482300	0.842885	0.842885	6	0	6	1	13	1.400000	0.000000	6	0	20	14	6	5.037637	4.465896	70.526912	0.000000	47951	26.404736	36.088106	256x256	65536	sparse	Meijering	193	6	13	1764	27.608844	0.463818	20.938458	0.998381	0.541863	0.321379	13	1	0.000000	13	1678	28.243468	0.517377	0.998930	22.534010	0.327162	0.522899	5195	29.613081	0.645257	0.999819	30.260988	0.216620	0.520540	1.245282	-0.121227	-3.286753	-0.060821	True	0.410643	24.320795	0.403002	22.182936	0.455165	0.222064	0.705798	21.526170	0.996968	CBMI_Captured_CSU488_5_h640_w896
CBMI_Captured_CSU488_5_h896_w384.png	0.684903	0.715959	0.834471	0.756986	0.929626	0.997080	22.234512	0.996868	23.317873	0.683635	0.483943	1.131530	27.505657	0.485499	3990	13	2	14	36	1.808696	0.153846	115	104	469.119841	2.918633	0.000000	-0.043378	-0.558978	-0.000881	0.000032	-0.034237	1316.822290	0.683635	0.683635	13	2	11	14	36	1.808696	0.153846	13	2	115	104	65	4.510768	2.918633	469.119841	0.000000	47989	12.027318	16.425063	256x256	65536	sparse	Learned	392	13	30	3922	28.978037	0.606872	23.104571	0.996836	0.717872	0.391038	20	13	0.000000	27	3874	29.591785	0.669645	0.997483	24.913149	0.399504	0.707429	529	26.331910	0.465004	0.988798	17.862028	0.406272	0.628201	0.213302	0.092905	-1.472380	-0.121374	True	0.686329	27.506843	0.485535	23.315778	0.456649	0.516712	0.728281	22.793489	0.997961	CBMI_Captured_CSU488_5_h896_w384
CBMI_Captured_CSU488_6_h384_w640.png	0.705564	0.689791	0.816422	0.790725	0.843845	0.992712	23.562974	0.996941	27.914556	0.630379	0.598601	0.734697	30.049015	0.882121	7814	25	4	21	65	1.846154	0.160000	273	252	1286.170706	2.368097	0.000000	-0.098121	-8.708962	-0.006518	-0.001889	0.009869	1210.192919	0.630379	0.630379	25	4	21	21	65	1.846154	0.160000	25	2	273	252	187	5.103852	2.368097	1286.170706	0.000000	38670	4.948810	8.386998	256x256	65536	sparse	Learned	802	25	82	7731	38.843957	0.953203	32.636300	0.998830	0.620510	0.371038	38	9	0.000000	90	7724	41.837351	0.957046	0.999629	39.460275	0.326555	0.618257	274	18.444068	0.387811	0.889863	10.261703	0.694763	0.263501	-4.721744	0.227563	-8.794941	-0.071082	True	0.705410	30.053135	0.882363	27.922045	0.527971	0.387898	0.803685	32.271936	0.999230	CBMI_Captured_CSU488_6_h384_w640
CBMI_Captured_CSU488_6_h384_w896.png	0.476472	0.702904	0.825536	0.932480	0.740599	0.982041	25.298659	0.994590	28.776755	0.549663	0.513996	0.659526	29.657254	0.866528	10311	39	3	17	89	1.783784	0.076923	333	297	1610.415439	2.545276	0.000000	-0.037822	-9.010563	-0.015666	-0.003704	-0.012228	2583.163977	0.549663	0.549663	39	3	36	17	89	1.783784	0.076923	39	3	333	297	227	5.422274	2.545276	1610.415439	0.000000	39076	3.789739	6.355931	256x256	65536	sparse	Learned	1194	39	85	9728	39.337040	0.963729	34.270398	0.998294	0.561892	0.287493	58	6	0.256410	92	10220	43.125987	0.970959	0.999590	41.554317	0.274312	0.562170	247	17.353018	0.308170	0.829358	10.124712	0.884213	0.203428	-5.493642	0.226503	-9.679787	-0.097200	True	0.476517	29.663093	0.867595	28.778903	0.459179	0.302840	0.514294	34.309223	0.997708	CBMI_Captured_CSU488_6_h384_w896
CBMI_Captured_CSU488_6_h640_w640.png	0.438952	0.459597	0.629758	0.659954	0.602205	0.911330	15.925667	0.996138	28.230312	0.479541	0.227984	0.822696	24.802311	0.713947	5241	32	1	6	68	1.526718	0.031250	131	100	432.705627	4.149459	0.000000	-0.202821	-14.780982	-0.086859	-0.002313	0.025010	2158.689022	0.479541	0.479541	32	1	31	6	68	1.526718	0.031250	32	1	131	100	57	4.327056	4.149459	432.705627	0.000000	38621	7.369014	12.504484	256x256	65536	sparse	Meijering	408	32	64	5127	37.620539	0.945674	31.093735	0.998451	0.454531	0.159910	73	3	0.000000	83	5226	39.835214	0.952362	0.999279	35.878564	0.164307	0.459455	407	21.991942	0.525403	0.942972	14.405249	0.315697	0.488309	-2.863424	0.068074	-12.818228	-0.231727	True	0.439476	24.806236	0.714792	28.231521	0.198907	0.163640	0.641773	30.706649	0.998189	CBMI_Captured_CSU488_6_h640_w640
CBMI_Captured_CSU488_7_h384_w640.png	0.300755	0.305538	0.468065	0.665769	0.360895	0.938259	15.028148	0.998738	26.834709	0.611284	0.275170	0.696590	25.586716	0.775583	2852	11	0	5	27	1.607143	0.000000	56	45	188.367532	4.437731	0.000000	-0.217331	-14.234061	-0.058836	-0.000454	0.136292	1563.427687	0.611284	0.611284	11	0	11	5	27	1.607143	0.000000	11	0	56	45	24	4.185945	4.437731	188.367532	0.000000	38816	13.610098	22.978962	256x256	65536	sparse	Meijering	255	11	35	2825	36.316198	0.900203	28.240907	0.999192	0.474992	0.262416	32	4	0.000000	76	2784	38.240547	0.917451	0.999667	33.017579	0.243376	0.473088	3225	37.708703	0.901278	0.999723	34.392562	0.240850	0.475888	-1.406198	0.012754	-10.729482	-0.124620	True	0.300684	25.586112	0.775280	26.839920	0.337246	0.234922	0.518086	29.262208	0.997095	CBMI_Captured_CSU488_7_h384_w640
CBMI_cell10_1_h141_w145.png	0.750191	0.732984	0.845921	0.824458	0.868531	0.995481	26.473094	0.998019	30.515277	0.752047	0.739200	1.087061	30.432299	0.876358	7994	14	7	21	35	1.938053	0.500000	226	219	1149.116882	3.044197	0.000000	0.007266	-8.379795	-0.003804	-0.001290	0.063559	2070.629597	0.752047	0.752047	14	7	7	21	35	1.938053	0.500000	15	7	226	219	170	5.247109	3.044197	1149.116882	0.000000	40102	5.016512	8.198149	256x256	65536	dense	Learned	1033	15	82	7595	39.040301	0.939018	34.982669	0.999308	0.688488	0.875070	8	5	0.623810	87	7608	40.134515	0.948943	0.999572	37.594789	0.858514	0.686891	276	19.929926	0.493282	0.943814	13.386544	0.973083	0.361032	-4.467392	-0.135870	-8.608002	-0.062660	True	0.750635	30.429031	0.876436	30.525894	0.766494	0.833225	0.742925	34.852889	0.999285	CBMI_cell10_1_h141_w145
CBMI_cell10_1_h154_w394.png	0.300462	0.009416	0.018657	0.961538	0.009420	0.944747	13.232694	0.999989	29.716428	0.003395	0.130642	1.428412	20.612106	0.649066	686	1	0	0	2	1.333333	0.000000	3	2	6.828427	3.546122	0.000000						516.767025	0.003395	0.003395	1	0	1	0	2	1.333333	0.000000	1	0	3	2	1	3.414214	3.546122	6.828427	0.000000	42190	61.501458	95.533528	256x256	65536	dense	Frangi	74	1																															True	0.300097	20.613233	0.649524	29.699672	0.604244	0.863109				CBMI_cell10_1_h154_w394
CBMI_cell10_1_h395_w252.png	0.641865	0.627847	0.771383	0.686474	0.880261	0.995118	20.482456	0.998707	29.605479	0.819473	0.458006	0.951843	29.988021	0.817846	3268	8	0	5	21	1.753846	0.000000	65	57	270.551299	5.522484	0.000000	-0.067670	-10.529908	-0.004487	-0.000377	0.046888	2055.568218	0.819473	0.819473	8	0	8	5	21	1.753846	0.000000	8	0	65	57	39	4.746514	5.522484	270.551299	0.000000	41026	12.553856	20.053856	256x256	65536	sparse	Meijering	320	8	52	3195	36.414434	0.863947	31.169782	0.999084	0.772585	0.544206	7	2	0.000000	76	2994	36.740202	0.870221	0.999346	32.671099	0.525002	0.770264	672	32.720821	0.818423	0.996533	25.062610	0.571974	0.763918	-1.564304	-0.086200	-6.426413	-0.046100	True	0.642370	29.982873	0.817946	29.625314	0.560668	0.533668	0.709535	31.012364	0.999605	CBMI_cell10_1_h395_w252
CBMI_cell5_h192_w383.png	0.552355	0.694413	0.819651	0.739001	0.920059	0.997161	23.587984	0.997559	24.567283	0.642843	0.876065	1.384827	27.341056	0.469294	4365	5	3	12	16	1.966102	0.600000	118	116	587.516811	3.208247	0.000000	-0.017996	-0.964641	-0.000571	0.000011	-0.010652	1742.622614	0.642843	0.642843	5	3	2	12	16	1.966102	0.600000	5	3	118	116	90	5.064800	3.208247	587.516811	0.000000	48457	11.101260	15.013975	256x256	65536	sparse	Learned	522	5	32	4284	28.825074	0.611437	24.642166	0.997548	0.653494	0.681342	11	13	0.000000	26	4082	29.146018	0.675452	0.997782	25.165547	0.686961	0.652676	466	27.047971	0.459908	0.994343	21.216782	0.838782	0.595074	-0.074884	0.194723	-1.484019	-0.142143	True	0.552239	27.343242	0.469286	24.566485	0.642099	0.889197	0.570351	24.552626	0.997732	CBMI_cell5_h192_w383
CBMI_cell5_h398_w400.png	0.599084	0.701764	0.824749	0.755938	0.907341	0.996026	23.338328	0.996169	25.398688	0.681844	0.770075	1.067388	27.160521	0.525771	6422	10	3	16	30	1.920000	0.300000	175	168	817.884343	3.281936	0.000000	0.018028	-2.824648	-0.001615	-0.000837	0.035720	2136.904955	0.681844	0.681844	10	3	7	16	30	1.920000	0.300000	10	3	175	168	129	4.868359	3.281936	817.884343	0.000000	48128	7.494239	10.204921	256x256	65536	dense	Learned	797	10	48	6379	29.770435	0.694567	26.294195	0.997007	0.646125	0.441380	35	22	0.000000	40	6218	30.600604	0.777033	0.997872	27.712393	0.402729	0.643041	339	23.447845	0.458442	0.982919	16.773581	0.867786	0.446429	-0.895507	0.328695	-2.609914	-0.168796	True	0.599144	27.165113	0.525828	25.404905	0.579249	0.618283	0.581056	26.162977	0.997641	CBMI_cell5_h398_w400
CBMI_cell5_h447_w179.png	0.678289	0.713873	0.833052	0.773748	0.902203	0.992277	23.012087	0.994468	24.963648	0.771760	0.764908	1.238121	25.215211	0.559280	10543	18	8	18	39	1.933555	0.444444	301	291	1511.533188	3.183217	0.000000	0.035703	-3.707589	-0.004559	-0.001985	0.058286	2073.814154	0.771760	0.771760	18	8	10	18	39	1.933555	0.444444	18	8	301	291	244	5.194272	3.183217	1511.533188	0.000000	49843	4.727592	6.216068	256x256	65536	dense	Learned	1240	18	61	10452	29.102191	0.776298	26.764026	0.996453	0.713474	0.629850	39	74	0.000000	46	10336	30.866531	0.875732	0.997875	29.061968	0.534780	0.704382	249	15.945153	0.265583	0.905327	10.509880	0.950954	0.273694	-1.800377	0.135058	-3.886980	-0.217018	True	0.678443	25.214303	0.559278	24.965541	0.579538	0.717538	0.642586	26.719676	0.996836	CBMI_cell5_h447_w179
CBMI_cell7_1_h139_w249.png	0.700908	0.748047	0.855866	0.852834	0.858919	0.995050	22.584610	0.997816	25.845510	0.718057	0.563262	0.830781	27.567106	0.599106	6898	19	8	12	35	1.882979	0.421053	188	177	910.447835	2.760630	0.000000	0.005066	-4.852018	-0.003234	-0.000685	0.067158	1512.935162	0.718057	0.718057	19	8	11	12	35	1.882979	0.421053	19	7	188	177	141	5.143773	2.760630	910.447835	0.000000	47078	6.824877	9.500725	256x256	65536	dense	Learned	801	19	56	6881	30.971636	0.744117	27.468548	0.998501	0.650899	0.476529	22	7	0.921053	49	6664	31.805780	0.807152	0.998925	29.411188	0.453926	0.642093	276	19.676064	0.429748	0.945509	11.152644	0.608590	0.264296	-1.623039	0.086733	-3.404530	-0.145011	True	0.701144	27.566581	0.599148	25.850673	0.489314	0.406513	0.695842	27.436627	0.998284	CBMI_cell7_1_h139_w249
CBMI_cell7_1_h141_w570.png	0.724969	0.683386	0.811918	0.738598	0.901399	0.997086	22.813689	0.997533	24.616806	0.735060	0.538967	0.853568	27.063578	0.487143	5026	14	3	10	32	1.829457	0.214286	129	118	620.055916	3.040281	0.000000	0.033095	-1.886676	-0.001077	-0.000235	0.057879	1566.493034	0.735060	0.735060	14	3	11	10	32	1.829457	0.214286	14	3	129	118	87	5.254711	3.040281	620.055916	0.000000	48463	9.642459	13.039395	256x256	65536	sparse	Learned	490	14	35	5017	28.871658	0.639482	25.049581	0.997768	0.677181	0.428189	19	8	0.000000	29	4998	29.331655	0.720287	0.998018	25.672103	0.467892	0.671982	399	24.349936	0.446934	0.986501	16.881334	0.479376	0.510870	-0.432775	0.110778	-1.808081	-0.152339	True	0.724969	27.067913	0.487230	24.615620	0.489685	0.417980	0.691874	24.700365	0.998163	CBMI_cell7_1_h141_w570
CBMI_cell7_h141_w151.png	0.629541	0.685365	0.813314	0.739759	0.903110	0.995685	23.439863	0.996611	25.440667	0.737492	0.889197	1.296327	26.202501	0.592757	9849	12	1	28	50	1.926174	0.083333	298	287	1489.182900	2.789696	0.000000	0.059248	-4.081148	-0.002801	-0.001289	0.093786	1594.602823	0.737492	0.737492	12	1	11	28	50	1.926174	0.083333	12	1	298	287	220	5.188791	2.789696	1489.182900	0.000000	48682	4.942837	6.654077	256x256	65536	dense	Learned	1184	12	64	9784	30.226347	0.783128	27.610999	0.997900	0.643706	0.484840	61	65	0.000000	51	9332	31.557587	0.864359	0.998595	29.445689	0.426662	0.635558	244	16.574424	0.310093	0.930435	11.136336	0.982166	0.256547	-2.170332	0.404356	-4.023846	-0.190370	True	0.634442	26.200072	0.592723	25.443377	0.573652	0.743641	0.570293	27.521011	0.998486	CBMI_cell7_h141_w151
CBMI_cell7_h387_w157.png	0.734920	0.760314	0.863839	0.833981	0.895914	0.996571	21.023338	0.997958	24.467627	0.800378	0.772931	1.120661	26.532827	0.520345	4911	8	3	4	14	1.920000	0.375000	125	120	664.215295	2.817676	0.000000	0.083785	-3.868578	-0.001826	-0.000255	0.142631	1376.616240	0.800378	0.800378	8	3	5	4	14	1.920000	0.375000	8	3	125	120	107	5.535127	2.817676	664.215295	0.000000	48254	9.825697	13.344736	256x256	65536	sparse	Learned	548	8	36	4909	29.356262	0.659505	25.052423	0.998213	0.657748	0.813626	7	3	0.937500	32	4576	29.818594	0.718710	0.998569	26.259646	0.763546	0.659628	404	24.801845	0.489362	0.991917	17.565612	0.936708	0.523428	-0.584796	-0.040695	-2.823435	-0.139160	True	0.734684	26.532467	0.520323	24.470794	0.757074	0.848424	0.651135	24.891916	0.998397	CBMI_cell7_h387_w157
CBMI_mito1_12_h384_w128.png	0.363428	0.357551	0.526759	0.552993	0.502900	0.955607	16.548067	0.998980	31.952799	0.609028	0.636301	1.060501	26.585852	0.833451	3925	7	0	7	21	1.831325	0.000000	83	76	390.906638	5.333857	0.000000	-0.183120	-19.389613	-0.043995	-0.000660	0.073093	2728.248596	0.609028	0.609028	7	0	7	7	21	1.831325	0.000000	7	0	83	76	55	5.143508	5.333857	390.906638	0.000000	31301	7.974777	16.697070	256x256	65536	sparse	Otsu	412	7	62	3886	42.027954	0.968663	35.760443	0.999640	0.535935	0.408992	27	1	0.000000	87	3882	43.053334	0.972493	0.999749	37.911408	0.367901	0.537961	538	28.075641	0.800020	0.988286	19.887482	0.425449	0.602569	-3.807643	0.227309	-15.442102	-0.135211	True	0.363220	26.585318	0.833775	31.990415	0.561661	0.595642	0.546548	35.937680	0.999602	CBMI_mito1_12_h384_w128
CBMI_mito1_12_h896_w128.png	0.490457	0.484765	0.652985	0.642321	0.664010	0.969365	19.940367	0.998522	32.565181	0.551773	0.387374	0.634621	29.013932	0.857738	4438	16	0	5	37	1.659574	0.000000	94	78	436.889394	4.776095	0.000000	-0.189376	-17.105788	-0.030297	-0.000996	0.010534	2493.041992	0.551773	0.551773	16	0	16	5	37	1.659574	0.000000	16	0	94	78	52	5.601146	4.776095	436.889394	0.000000	33214	7.484002	14.767012	256x256	65536	sparse	Otsu	434	16	67	4338	42.557787	0.972209	37.124330	0.999518	0.541239	0.380774	28	3	0.000000	89	4384	43.572173	0.975082	0.999669	39.400622	0.389558	0.544178	473	27.176479	0.786625	0.976054	19.442469	0.309521	0.605690	-4.559149	0.006599	-13.543855	-0.114471	True	0.490149	29.022830	0.857411	32.674019	0.490945	0.311564	0.679833	37.046155	0.999662	CBMI_mito1_12_h896_w128
CBMI_mito1_12_h896_w384.png	0.566061	0.643130	0.782811	0.735294	0.836893	0.994388	27.614446	0.997944	32.194876	0.631929	0.814688	0.765627	29.966290	0.909677	11333	21	5	34	69	1.918987	0.238095	395	379	2081.128209	2.572805	0.000000	-0.017562	-12.780031	-0.005262	-0.001728	0.003564	1809.735298	0.631929	0.631929	21	5	16	34	69	1.918987	0.238095	21	5	395	379	292	5.491103	2.572805	2081.128209	0.000000	36204	3.194565	5.782758	256x256	65536	dense	Learned	1429	21	90	10773	44.112323	0.985449	40.412962	0.999671	0.628365	0.627459	27	11	0.257143	94	11016	45.302008	0.986129	0.999789	43.245554	0.619832	0.627919	249	17.824490	0.427468	0.900647	12.395516	0.999997	0.265719	-8.218085	0.187229	-14.146033	-0.075772	True	0.566690	29.975349	0.909952	32.208817	0.811753	0.621500	0.583623	40.394477	0.999650	CBMI_mito1_12_h896_w384
CBMI_mito1_12_h896_w640.png	0.575453	0.679262	0.809001	0.842046	0.778451	0.995429	27.578440	0.998768	31.664599	0.649326	0.690021	0.900568	31.920955	0.922409	7133	16	3	22	49	1.883929	0.187500	224	211	1073.773737	2.661107	0.000000	-0.051714	-11.436262	-0.004326	-0.001033	-0.027514	1654.937983	0.649326	0.649326	16	3	13	22	49	1.883929	0.187500	16	2	224	211	153	5.088975	2.661107	1073.773737	0.000000	33057	4.634375	9.187719	256x256	65536	dense	Learned	918	16	86	6932	44.345578	0.980787	38.830348	0.999801	0.676840	0.647956	15	2	0.968750	92	5896	44.607094	0.978543	0.999842	40.947267	0.646545	0.673360	279	21.240355	0.523764	0.951032	13.636429	0.835799	0.361262	-7.165749	0.042064	-12.424623	-0.058379	True	0.575967	31.919343	0.922781	31.669769	0.693105	0.624188	0.627166	39.014702	0.999755	CBMI_mito1_12_h896_w640
CBMI_mito1_218_h384_w128.png	0.468460	0.530624	0.693343	0.913454	0.558713	0.967301	22.460197	0.998942	33.344774	0.698695	0.543258	0.881238	29.073352	0.886037	4976	11	0	10	32	1.794393	0.000000	107	96	475.090404	5.062617	0.000000	-0.105358	-18.728373	-0.032319	-0.000863	0.030276	2635.883331	0.698695	0.698695	11	0	11	10	32	1.794393	0.000000	11	0	107	96	65	4.948858	5.062617	475.090404	0.000000	23071	4.636455	13.170418	256x256	65536	dense	Meijering	593	11	81	4888	46.889542	0.989896	40.594672	0.999805	0.668418	0.307883	35	1	0.000000	94	4900	48.024561	0.992686	0.999872	42.859366	0.335178	0.671787	403	25.031344	0.742420	0.970547	17.166637	0.553869	0.602621	-7.249898	0.235375	-17.816190	-0.103859	True	0.468460	29.077970	0.886236	33.369457	0.457667	0.403314	0.573818	41.188570	0.999620	CBMI_mito1_218_h384_w128
CBMI_mito1_218_h384_w384.png	0.380593	0.471624	0.640957	0.840698	0.517908	0.969662	23.504523	0.999089	32.724616	0.636364	0.385328	0.578980	31.763628	0.906503	2926	9	0	3	21	1.672727	0.000000	55	46	243.551299	6.499677	0.000000	-0.035751	-15.237243	-0.029792	-0.000693	0.005090	2505.907774	0.636364	0.636364	9	0	9	3	21	1.672727	0.000000	9	0	55	46	31	5.294593	6.499677	243.551299	0.000000	19257	6.581340	22.397813	256x256	65536	sparse	Otsu	306	9	64	2917	45.305534	0.960983	37.930348	0.999782	0.631274	0.279940	19	0	0.444444	91	2730	47.601349	0.990313	0.999872	40.685827	0.294528	0.627792	3148	47.632552	0.990762	0.999900	41.739821	0.286730	0.627581	-5.205732	0.105388	-13.541905	-0.054480	True	0.380025	31.766595	0.908756	32.740268	0.516482	0.299033	0.416344	38.741766	0.999454	CBMI_mito1_218_h384_w384
CBMI_mito1_h287_w632.png	0.326513	0.458131	0.628381	0.494110	0.862857	0.997227	23.386196	0.998350	29.427188	0.520561	0.587423	2.655754	30.766200	0.798965	5691	15	2	18	45	1.844311	0.133333	167	154	737.399062	3.015664	0.000000	0.040876	-7.940994	-0.002377	-0.000698	0.061194	1955.173731	0.520561	0.520561	15	2	13	18	45	1.844311	0.133333	15	4	167	154	104	4.788306	3.015664	737.399062	0.000000	42040	7.387102	11.515727	256x256	65536	dense	Learned	711	15	70	5653	36.000791	0.866969	32.057189	0.999048	0.459368	0.722580	18	28	0.000000	78	4906	36.476271	0.879608	0.999274	33.480409	0.658946	0.463375	343	25.566365	0.732912	0.987129	17.254850	0.817316	0.381550	-2.630001	-0.135156	-5.234591	-0.068004	True	0.325854	30.765881	0.799124	29.424068	0.316139	0.839586	0.285636	31.327189	0.999604	CBMI_mito1_h287_w632
CBMI_mito1_h568_w439.png	0.466479	0.622454	0.767300	0.662713	0.911083	0.996137	23.761002	0.998599	28.748249	0.593454	0.566126	1.785354	30.010907	0.840892	7272	20	6	17	46	1.869159	0.300000	214	200	948.820418	2.837498	0.000000	-0.004622	-8.624402	-0.003427	-0.000823	0.008125	1828.613043	0.593454	0.593454	20	6	14	17	46	1.869159	0.300000	20	6	214	200	151	4.744102	2.837498	948.820418	0.000000	41636	5.725523	9.012101	256x256	65536	dense	Learned	852	20	76	6941	36.878561	0.901769	32.708489	0.999422	0.585329	0.530835	25	17	0.000000	83	7152	38.168407	0.922060	0.999669	35.529701	0.447057	0.582124	269	19.226557	0.532680	0.946524	11.018159	0.740111	0.285371	-3.960241	0.035291	-6.867654	-0.060878	True	0.467354	30.017864	0.841148	28.751872	0.351988	0.628423	0.471100	32.385404	0.999564	CBMI_mito1_h568_w439
CBMI_mito1_h714_w709.png	0.154623	0.010616	0.021008	0.760870	0.010651	0.967418	11.140612	0.999992	26.134830	0.002197	0.130642	4.276818	22.349104	0.700658	525	1	0	1	3	1.500000	0.000000	4	3	7.242641	2.876137	0.000000						558.950186	0.002197	0.002197	1	0	1	1	3	1.500000	0.000000	1	0	4	3	0	2.414214	2.876137	7.242641	0.000000	41585	79.209524	124.830476	256x256	65536	dense	Frangi	46	1																															True	0.154443	22.349662	0.700802	26.180501	0.233803	0.999932				CBMI_mito1_h714_w709
CBMI_mito2_h283_w431.png	0.485017	0.521614	0.685606	0.601551	0.796967	0.989310	17.392318	0.999015	28.716713	0.687991	0.417252	1.898082	29.032934	0.800963	2984	8	1	4	18	1.758621	0.125000	58	51	243.793939	4.461453	0.000000	-0.104886	-12.824930	-0.010405	-0.000389	0.024807	1896.148205	0.687991	0.687991	8	1	7	4	18	1.758621	0.125000	8	1	58	51	36	4.780273	4.461453	243.793939	0.000000	41308	13.843164	21.962466	256x256	65536	sparse	Meijering	326	8	48	2936	36.012217	0.846850	30.531588	0.999405	0.663184	0.790703	5	4	0.000000	75	2712	36.411222	0.855186	0.999577	32.205584	0.689189	0.662746	649	32.417090	0.809759	0.996773	23.476657	0.767764	0.650348	-1.814875	-0.373451	-6.979283	-0.045887	True	0.485151	29.039731	0.801217	28.734930	0.329680	0.625760	0.589903	30.217249	0.999715	CBMI_mito2_h283_w431
CBMI_mito2_h423_w724.png	0.422380	0.634865	0.776658	0.662357	0.938634	0.997278	26.743167	0.997133	29.931914	0.546027	0.784760	2.397709	30.286696	0.850609	8709	15	8	43	59	1.950355	0.533333	282	275	1312.827561	3.205705	0.000000	-0.021304	-6.627278	-0.001859	-0.001553	-0.022676	2635.579109	0.546027	0.546027	15	8	7	43	59	1.950355	0.533333	15	9	282	275	180	4.773918	3.205705	1312.827561	0.000000	42127	4.837180	7.525089	256x256	65536	dense	Learned	1070	15	81	8484	37.393534	0.918892	33.711459	0.998687	0.568703	0.832154	17	50	0.000000	84	7822	38.600500	0.932566	0.999197	36.120341	0.706536	0.569857	246	19.587832	0.508345	0.937997	12.731276	0.999565	0.362543	-3.779545	-0.047394	-7.106838	-0.068283	True	0.422457	30.301796	0.850926	29.951514	0.406629	0.974978	0.443684	33.370445	0.999137	CBMI_mito2_h423_w724
CBMI_mito4_h562_w734.png	0.337028	0.581211	0.735147	0.636796	0.869427	0.996293	26.762315	0.997607	31.104603	0.408707	0.670319	1.320959	29.146478	0.835549	10160	27	4	45	94	1.879265	0.148148	381	358	1692.775829	2.896387	0.000000	0.002210	-8.898882	-0.003048	-0.001565	0.006425	2348.093510	0.408707	0.408707	27	4	23	45	94	1.879265	0.148148	27	4	381	358	242	4.728424	2.896387	1692.775829	0.000000	41308	4.065748	6.450394	256x256	65536	dense	Learned	1254	27	85	10020	38.539498	0.939025	35.999699	0.999172	0.402282	0.789527	25	52	0.000000	87	9788	40.000223	0.957165	0.999448	37.953909	0.589800	0.401606	250	19.676642	0.552435	0.941998	14.101265	0.974777	0.270559	-4.895097	-0.119208	-9.393021	-0.103476	True	0.337433	29.140895	0.835615	31.108495	0.650214	0.858907	0.334819	35.661197	0.999341	CBMI_mito4_h562_w734
CBMI_mito5_h509_w353.png	0.406361	0.485991	0.654097	0.700000	0.613843	0.978740	16.587507	0.998965	30.049207	0.479753	0.371865	1.027973	26.496455	0.833626	4091	12	0	4	28	1.684211	0.000000	76	64	303.865007	4.615307	0.000000	-0.131847	-16.693652	-0.020885	-0.000536	0.036030	2002.690077	0.479753	0.479753	12	0	12	4	28	1.684211	0.000000	12	0	76	64	44	4.747891	4.615307	303.865007	0.000000	38851	9.496700	16.019555	256x256	65536	dense	Meijering	481	12	65	4083	38.526391	0.928031	33.275401	0.999500	0.443724	0.639405	14	3	0.000000	82	3738	38.967590	0.928742	0.999673	35.307198	0.516202	0.449448	538	28.903517	0.825608	0.992956	21.126584	0.570586	0.399460	-3.226194	-0.267540	-12.029936	-0.094405	True	0.405807	26.495746	0.834073	30.067253	0.531293	0.546155	0.538207	33.281159	0.999625	CBMI_mito5_h509_w353
CBMI_mito5_h613_w762.png	0.510127	0.587400	0.740078	0.613280	0.932973	0.998775	26.440566	0.998716	29.680027	0.658945	0.702490	1.659643	31.168850	0.832965	6382	13	3	15	35	1.900498	0.230769	201	191	900.193001	2.716370	0.000000	0.082584	-5.975865	-0.000962	-0.000690	0.089122	1537.916899	0.658945	0.658945	13	3	10	15	35	1.900498	0.230769	13	3	201	191	151	4.713052	2.716370	900.193001	0.000000	41933	6.570511	10.268881	256x256	65536	dense	Learned	826	13	75	6374	36.886446	0.892921	32.905046	0.999406	0.569823	0.718365	14	16	0.000000	82	6116	37.791365	0.907997	0.999615	35.247068	0.522886	0.557634	338	24.120097	0.700911	0.982574	15.857033	0.952877	0.385321	-3.225019	-0.015875	-5.717595	-0.059955	True	0.510544	31.177687	0.833241	29.691203	0.492190	0.816859	0.427543	32.416431	0.999737	CBMI_mito5_h613_w762
CBMI_mito5_h750_w500.png	0.337834	0.487987	0.655902	0.515670	0.900893	0.997496	27.087394	0.997310	30.310009	0.523567	0.703694	1.594886	28.329423	0.830746	13766	32	14	71	111	1.930769	0.437500	520	502	2289.689609	2.735866	0.000000	0.009610	-8.419813	-0.002184	-0.001867	0.014314	2185.193539	0.523567	0.523567	32	14	18	71	111	1.930769	0.437500	33	15	520	502	338	4.561135	2.735866	2289.689609	0.000000	43035	3.126180	4.760715	256x256	65536	dense	Learned	1662	33	87	13692	37.775801	0.943801	35.753377	0.999177	0.509253	0.606489	68	144	0.000000	88	13488	40.208963	0.968264	0.999576	38.803050	0.687019	0.510414	249	16.976065	0.375996	0.897911	12.041030	0.998145	0.289218	-5.443368	0.097205	-9.446378	-0.113055	True	0.338338	28.326327	0.830879	30.317881	0.482902	0.770174	0.328225	35.507207	0.999680	CBMI_mito5_h750_w500
CBMI_mito6_h330_w512.png	0.171494	0.087918	0.161627	0.849315	0.089311	0.961667	10.613629	0.999822	26.114602	0.018755	0.130642	4.171746	21.654860	0.685873	1248	6	0	0	12	1.200000	0.000000	15	9	40.970563	2.994684	0.000000						632.042885	0.018755	0.018755	6	0	6	0	12	1.200000	0.000000	6	0	15	9	3	4.552285	2.994684	40.970563	0.000000	42162	33.783654	52.512821	256x256	65536	sparse	Frangi	142	6												27	1224	34.191396	0.830907	0.999920	28.597510	0.363352	0.053773												True	0.171461	21.656560	0.685954	26.117726	0.238581	0.995299				CBMI_mito6_h330_w512
CBMI_mito6_h348_w799.png	0.257954	0.019052	0.037391	0.895833	0.019094	0.941836	10.532278	0.999959	24.469716	0.005950	0.130642	3.898918	20.640321	0.682136	781	2	1	1	4	1.750000	0.500000	8	7	13.656854	2.897189	0.000000						545.901060	0.005950	0.005950	2	1	1	1	4	1.750000	0.500000	2	0	8	7	3	1.950979	2.897189	13.656854	0.000000	41544	53.193342	83.912932	256x256	65536	sparse	Frangi	93	2																															True	0.257909	20.641726	0.682357	24.487718	0.250667	0.977329				CBMI_mito6_h348_w799
CBMI_mito6_h419_w251.png	0.722181	0.708089	0.829101	0.828543	0.829660	0.992647	26.204122	0.997726	30.748762	0.754555	0.455495	0.923959	29.966243	0.837276	8054	33	5	14	70	1.774194	0.151515	248	220	1135.714862	3.330842	0.000000	-0.010067	-8.381683	-0.005859	-0.001265	0.023462	2772.557020	0.754555	0.754555	33	5	28	14	70	1.774194	0.151515	33	5	248	220	164	5.162340	3.330842	1135.714862	0.000000	42461	5.272039	8.137075	256x256	65536	sparse	Learned	863	33	77	7946	37.166392	0.910575	34.546301	0.998991	0.731093	0.371389	33	2	0.700000	82	7914	37.830741	0.930264	0.999184	35.614494	0.416523	0.725649	277	18.534151	0.494789	0.924465	12.376440	0.635450	0.311254	-3.797539	0.084106	-7.200150	-0.073300	True	0.722579	29.981036	0.837541	30.757148	0.417594	0.385840	0.732249	34.585805	0.998505	CBMI_mito6_h419_w251
CBMI_mito6_h617_w713.png	0.578450	0.598391	0.748742	0.658032	0.868459	0.997372	27.313947	0.998023	31.227784	0.709471	0.593938	1.850856	31.404211	0.858432	6465	15	3	16	41	1.868852	0.200000	183	171	816.766594	3.668622	0.000000	-0.024369	-7.357301	-0.001920	-0.000939	-0.020672	2364.210367	0.709471	0.709471	15	3	12	16	41	1.868852	0.200000	16	2	183	171	126	4.776413	3.668622	816.766594	0.000000	41049	6.349420	10.137046	256x256	65536	dense	Learned	797	16	76	6237	37.981590	0.908102	34.904856	0.998962	0.730143	0.607694	14	3	0.687500	83	6058	38.430282	0.921413	0.999160	35.728679	0.688597	0.727571	344	23.839165	0.721160	0.976109	17.112305	0.808430	0.483877	-3.677072	-0.013756	-6.577379	-0.049671	True	0.577747	31.407498	0.858704	31.236045	0.395671	0.732330	0.602819	34.671248	0.999292	CBMI_mito6_h617_w713
CBMI_mito6_h702_w480.png	0.266798	0.008782	0.017411	0.493506	0.008862	0.958274	11.079635	0.999993	27.656279	0.004911	0.228948	2.477601	21.300420	0.738315	651	1	0	0	2	1.500000	0.000000	4	3	14.071068	2.498259	0.000000						636.758089	0.004911	0.004911	1	0	1	0	2	1.500000	0.000000	1	0	4	3	2	4.690356	2.498259	14.071068	0.000000	39440	60.583717	100.669739	256x256	65536	dense	Frangi	75	1																															True	0.266916	21.298228	0.738603	27.653622	0.397317	0.984392				CBMI_mito6_h702_w480
CBMI_mito7_h249_w420.png	0.491013	0.493517	0.660879	0.523401	0.896306	0.998442	27.374185	0.997811	30.472315	0.643296	0.771289	1.431359	30.552451	0.880190	9188	17	7	42	62	1.935065	0.411765	308	298	1438.680374	2.969138	0.000000	0.004273	-7.027792	-0.001284	-0.001365	0.008259	2197.647095	0.643296	0.643296	17	7	10	42	62	1.935065	0.411765	17	7	308	298	204	4.827786	2.969138	1438.680374	0.000000	40940	4.455812	7.132782	256x256	65536	dense	Learned	1107	17	83	8972	38.518849	0.938274	34.886154	0.999175	0.635037	0.542950	27	14	0.205882	86	8136	39.721449	0.947162	0.999450	37.447395	0.510585	0.633818	245	17.480417	0.450836	0.917598	11.365166	0.968254	0.275144	-4.413840	0.228338	-7.966398	-0.058084	True	0.491621	30.553620	0.880500	30.480322	0.420773	0.602277	0.486740	34.401978	0.999726	CBMI_mito7_h249_w420
CBMI_mito7_h418_w624.png	0.467892	0.496689	0.663717	0.664207	0.663228	0.991479	16.301424	0.999198	29.363648	0.582656	0.283469	0.638058	27.570603	0.827046	3169	12	1	4	27	1.661538	0.083333	65	54	216.994949	4.854247	0.000000	-0.109149	-15.683275	-0.008266	-0.000387	0.067678	1809.725761	0.582656	0.582656	12	1	11	4	27	1.661538	0.083333	12	0	65	54	34	4.018425	4.854247	216.994949	0.000000	40078	12.646892	20.680341	256x256	65536	dense	Meijering	351	12	48	3118	37.171113	0.888984	32.036120	0.999584	0.514979	0.518779	14	4	0.000000	77	3090	37.548605	0.895433	0.999685	33.340935	0.328069	0.511364	668	32.878449	0.845516	0.997895	24.591123	0.740389	0.498108	-2.672472	-0.235310	-9.600511	-0.061938	True	0.467996	27.564313	0.827179	29.360814	0.667129	0.425667	0.577041	31.984699	0.999745	CBMI_mito7_h418_w624
